desc: I1 cache:         32768 B, 64 B, 8-way associative
desc: D1 cache:         32768 B, 64 B, 8-way associative
desc: LL cache:         3145728 B, 64 B, 12-way associative
cmd: ./lab_1_1.out 100 100 100 100
events: Ir I1mr ILmr Dr D1mr DLmr Dw D1mw DLmw 
fl=/build/eglibc-ripdx6/eglibc-2.19/csu/../csu/init-first.c
fn=_init
52 8 1 1 0 0 0 4 0 0
58 4 1 1 1 1 0 1 1 1
65 5 1 1 4 2 0 0 0 0
70 1 0 0 0 0 0 1 1 1
71 1 0 0 0 0 0 1 0 0
72 2 0 0 1 1 0 1 1 1
86 4 0 0 0 0 0 1 0 0
94 1 0 0 0 0 0 1 0 0
99 6 0 0 5 0 0 0 0 0
fl=/build/eglibc-ripdx6/eglibc-2.19/csu/../sysdeps/generic/dl-hash.h
fn=_init
43 1 0 0 0 0 0 0 0 0
44 1 0 0 0 0 0 0 0 0
45 13 0 0 4 1 0 0 0 0
48 12 0 0 0 0 0 0 0 0
49 8 0 0 0 0 0 0 0 0
62 8 0 0 0 0 0 0 0 0
67 1 1 1 0 0 0 0 0 0
fl=/build/eglibc-ripdx6/eglibc-2.19/csu/../sysdeps/unix/sysv/linux/x86_64/init-first.c
fn=_init
38 7 1 1 0 0 0 4 0 0
40 4 0 0 0 0 0 1 0 0
41 2 0 0 0 0 0 0 0 0
42 2 1 1 0 0 0 0 0 0
43 2 1 1 1 0 0 0 0 0
44 1 0 0 0 0 0 1 1 0
46 3 0 0 0 0 0 1 0 0
50 3 0 0 0 0 0 0 0 0
51 2 0 0 1 0 0 0 0 0
52 1 0 0 0 0 0 1 0 0
fl=/build/eglibc-ripdx6/eglibc-2.19/csu/../sysdeps/x86_64/multiarch/init-arch.c
fn=__get_cpu_features
200 42 0 0 14 0 0 0 0 0
204 28 0 0 14 0 0 0 0 0
fn=__init_cpu_features
31 7 1 1 0 0 0 4 0 0
37 3 0 0 0 0 0 0 0 0
38 3 0 0 0 0 0 0 0 0
39 2 0 0 0 0 0 0 0 0
45 1 0 0 0 0 0 1 0 0
54 3 1 1 0 0 0 1 0 0
57 6 0 0 0 0 0 0 0 0
59 3 0 0 0 0 0 0 0 0
65 3 0 0 0 0 0 0 0 0
66 2 1 1 0 0 0 0 0 0
71 2 0 0 0 0 0 0 0 0
74 12 1 1 0 0 0 0 0 0
101 2 1 1 0 0 0 0 0 0
123 1 0 0 1 1 1 0 0 0
127 1 1 1 0 0 0 0 0 0
152 2 1 1 1 0 0 0 0 0
153 7 0 0 0 0 0 4 0 0
160 3 0 0 1 0 0 0 0 0
164 2 0 0 0 0 0 0 0 0
166 3 1 1 0 0 0 0 0 0
170 2 1 1 0 0 0 0 0 0
171 1 0 0 1 0 0 0 0 0
173 2 0 0 0 0 0 0 0 0
176 2 0 0 1 0 0 0 0 0
184 6 1 1 0 0 0 0 0 0
185 5 0 0 0 0 0 0 0 0
186 2 0 0 0 0 0 0 0 0
189 1 0 0 0 0 0 1 0 0
190 1 0 0 0 0 0 1 0 0
192 1 0 0 0 0 0 1 0 0
193 2 0 0 2 0 0 0 0 0
fl=/build/eglibc-ripdx6/eglibc-2.19/csu/libc-start.c
fn=(below main)
133 10 1 1 0 0 0 8 0 0
137 7 2 2 1 0 0 1 0 0
219 2 0 0 0 0 0 0 0 0
220 4 0 0 0 0 0 1 0 0
242 6 0 0 2 0 0 0 0 0
245 2 0 0 0 0 0 0 0 0
246 5 1 1 4 0 0 1 0 0
250 4 0 0 2 2 0 0 0 0
265 2 0 0 0 0 0 0 0 0
274 2 0 0 0 0 0 1 0 0
275 2 1 1 0 0 0 0 0 0
280 2 0 0 1 1 0 1 0 0
281 2 0 0 1 1 0 1 0 0
284 2 0 0 0 0 0 1 0 0
287 6 0 0 5 2 0 1 0 0
321 2 0 0 0 0 0 1 0 0
fl=/build/eglibc-ripdx6/eglibc-2.19/ctype/ctype-info.c
fn=__ctype_init
31 7 2 2 5 3 0 1 0 0
33 4 0 0 2 1 0 1 0 0
35 5 1 1 3 0 0 1 0 0
fl=/build/eglibc-ripdx6/eglibc-2.19/elf/../elf/dl-runtime.c
fn=_dl_fixup
66 465 1 1 0 0 0 279 0 0
68 93 0 0 93 1 0 0 0 0
69 186 0 0 186 8 0 0 0 0
72 465 0 0 186 22 0 0 0 0
73 651 1 1 186 84 0 93 2 1
74 279 0 0 186 12 0 0 0 0
79 186 0 0 0 0 0 0 0 0
83 186 0 0 93 90 51 0 0 0
85 2 0 0 0 0 0 0 0 0
87 279 0 0 93 12 0 0 0 0
91 184 0 0 184 84 0 0 0 0
92 368 1 1 92 4 0 0 0 0
94 368 0 0 92 21 0 0 0 0
100 93 0 0 0 0 0 0 0 0
101 279 0 0 93 2 0 0 0 0
108 186 1 1 93 5 0 93 0 0
111 930 0 0 186 12 0 279 0 0
115 279 1 1 93 0 0 0 0 0
119 372 0 0 93 0 0 93 0 0
125 558 0 0 186 2 0 0 0 0
133 93 0 0 93 0 0 0 0 0
141 372 1 1 93 0 0 0 0 0
145 279 0 0 93 1 0 0 0 0
149 465 0 0 372 0 0 0 0 0
fl=/build/eglibc-ripdx6/eglibc-2.19/elf/../elf/dl-sysdep.c
fn=_dl_sysdep_start
86 8 1 1 0 0 0 7 2 2
87 2 0 0 0 0 0 0 0 0
88 1 0 0 0 0 0 0 0 0
110 1 0 0 0 0 0 1 0 0
111 255 2 2 83 11 11 4 3 3
114 2 0 0 0 0 0 1 0 0
115 1 0 0 0 0 0 1 1 1
117 90 2 2 23 4 4 10 0 0
118 111 1 1 21 3 3 0 0 0
121 1 0 0 1 1 1 0 0 0
122 1 0 0 0 0 0 0 0 0
124 1 0 0 1 0 0 0 0 0
125 1 0 0 0 0 0 0 0 0
127 1 1 1 1 0 0 0 0 0
128 1 0 0 0 0 0 0 0 0
130 1 0 0 1 0 0 0 0 0
131 1 0 0 0 0 0 0 0 0
151 1 1 1 1 0 0 0 0 0
152 1 0 0 0 0 0 0 0 0
154 1 0 0 1 0 0 0 0 0
155 1 0 0 0 0 0 0 0 0
157 1 1 1 1 0 0 0 0 0
158 1 0 0 0 0 0 0 0 0
163 1 0 0 1 0 0 0 0 0
164 1 0 0 0 0 0 0 0 0
179 1 0 0 1 0 0 0 0 0
180 1 0 0 0 0 0 0 0 0
232 3 1 1 0 0 0 2 0 0
234 5 1 1 0 0 0 1 0 0
246 3 0 0 1 0 0 0 0 0
249 6 0 0 2 0 0 1 0 0
250 1 0 0 1 1 0 0 0 0
251 8 0 0 7 1 0 0 0 0
fn=_dl_sysdep_start_cleanup
256 1 1 1 1 0 0 0 0 0
fl=/build/eglibc-ripdx6/eglibc-2.19/elf/../misc/sbrk.c
fn=sbrk
34 4 1 1 0 0 0 2 0 0
42 6 1 1 2 0 0 0 0 0
46 2 0 0 0 0 0 0 0 0
57 5 0 0 3 0 0 0 0 0
fl=/build/eglibc-ripdx6/eglibc-2.19/elf/../string/bits/string2.h
fn=handle_ld_preload
961 375 1 1 47 0 0 0 0 0
962 97 0 0 0 0 0 0 0 0
963 93 0 0 0 0 0 0 0 0
fl=/build/eglibc-ripdx6/eglibc-2.19/elf/../sysdeps/unix/sysv/linux/dl-osinfo.h
fn=security_init
61 2 0 0 0 0 0 0 0 0
84 2 1 1 1 1 0 1 0 0
86 1 0 0 1 0 0 0 0 0
93 1 0 0 1 0 0 0 0 0
101 2 0 0 0 0 0 0 0 0
112 1 1 1 1 0 0 0 0 0
fl=/build/eglibc-ripdx6/eglibc-2.19/elf/../sysdeps/unix/sysv/linux/dl-sysdep.c
fn=_dl_discover_osversion
45 7 1 1 0 0 0 6 0 0
47 3 0 0 1 0 0 0 0 0
87 5 1 1 0 0 0 1 1 1
102 1 1 1 0 0 0 0 0 0
106 1 0 0 0 0 0 0 0 0
107 1 0 0 0 0 0 0 0 0
109 12 0 0 3 1 1 0 0 0
111 6 0 0 0 0 0 0 0 0
113 12 0 0 3 0 0 0 0 0
119 3 0 0 0 0 0 0 0 0
120 3 1 1 0 0 0 0 0 0
121 3 0 0 0 0 0 0 0 0
123 13 0 0 0 0 0 0 0 0
128 2 0 0 0 0 0 0 0 0
132 8 0 0 7 0 0 0 0 0
fn=_dl_sysdep_start
35 2 0 0 0 0 0 1 0 0
fl=/build/eglibc-ripdx6/eglibc-2.19/elf/../sysdeps/unix/sysv/linux/dl-vdso.c
fn=_dl_vdso_vsym
26 4 0 0 0 0 0 0 0 0
27 8 1 1 8 2 0 0 0 0
28 8 1 1 4 0 0 0 0 0
31 8 0 0 0 0 0 0 0 0
fl=/build/eglibc-ripdx6/eglibc-2.19/elf/../sysdeps/unix/sysv/linux/x86_64/brk.c
fn=brk
28 1 0 0 0 0 0 0 0 0
31 7 1 1 0 0 0 1 1 1
33 2 0 0 0 0 0 0 0 0
39 1 0 0 0 0 0 0 0 0
40 1 0 0 1 0 0 0 0 0
fl=/build/eglibc-ripdx6/eglibc-2.19/elf/../sysdeps/x86_64/dl-irel.h
fn=_dl_fixup
32 9 2 2 0 0 0 3 0 0
fl=/build/eglibc-ripdx6/eglibc-2.19/elf/../sysdeps/x86_64/dl-machine.h
fn=_dl_fixup
210 93 0 0 0 0 0 93 0 0
fn=_dl_relocate_object
71 28 1 1 7 0 0 0 0 0
77 12 1 1 12 5 0 0 0 0
81 18 0 0 6 6 5 0 0 0
87 6 0 0 0 0 0 6 0 0
95 18 0 0 6 0 0 0 0 0
108 12 0 0 0 0 0 6 0 0
111 24 1 1 6 6 3 0 0 0
244 4472 0 0 0 0 0 0 0 0
265 4472 0 0 0 0 0 0 0 0
269 4472 0 0 0 0 0 0 0 0
276 84185 12 12 17027 1219 918 10836 6 0
278 11104 0 0 4432 5 1 0 0 0
281 8864 1 1 2216 0 0 0 0 0
287 15652 1 1 2236 4 3 0 0 0
320 8 1 1 0 0 0 0 0 0
321 12 0 0 4 1 0 4 2 1
328 6 0 0 2 0 0 0 0 0
330 4 0 0 4 1 1 0 0 0
339 4 0 0 0 0 0 2 1 0
382 33 1 1 11 0 0 0 0 0
386 55 1 1 11 0 0 0 0 0
391 55 0 0 22 2 2 11 9 9
410 6651 0 0 2217 277 275 2217 651 332
422 36 0 0 0 0 0 12 0 0
449 6 1 1 2 0 0 0 0 0
453 12 0 0 6 1 0 2 0 0
455 6 0 0 4 0 0 0 0 0
456 2 1 1 0 0 0 0 0 0
487 5031 0 0 1677 422 419 0 0 0
492 3354 0 0 0 0 0 0 0 0
493 5031 0 0 1677 209 209 1677 368 361
503 1503 0 0 761 0 0 0 0 0
507 1484 0 0 0 0 0 0 0 0
509 2226 0 0 742 0 0 0 0 0
510 742 0 0 742 94 92 0 0 0
527 38 0 0 38 1 1 0 0 0
529 19 0 0 0 0 0 19 0 0
530 19 0 0 0 0 0 19 0 0
fn=_dl_start
58 3 0 0 1 1 1 0 0 0
241 10 0 0 0 0 0 0 0 0
269 20 0 0 0 0 0 0 0 0
278 40 0 0 20 2 2 0 0 0
281 40 0 0 10 6 6 0 0 0
287 61 0 0 10 1 1 0 0 0
391 10 1 1 10 2 2 0 0 0
400 10 0 0 0 0 0 10 2 2
492 20 0 0 10 1 1 0 0 0
493 30 0 0 10 1 1 10 2 2
fn=_dl_sysdep_start
200 5 0 0 2 1 1 0 0 0
fl=/build/eglibc-ripdx6/eglibc-2.19/elf/../sysdeps/x86_64/dl-trampoline.S
fn=_dl_runtime_resolve
34 93 1 1 0 0 0 0 0 0
36 93 0 0 0 0 0 93 3 1
37 93 0 0 0 0 0 93 0 0
38 93 1 1 0 0 0 93 0 0
39 93 0 0 0 0 0 93 0 0
40 93 0 0 0 0 0 93 0 0
41 93 0 0 0 0 0 93 0 0
42 93 0 0 0 0 0 93 0 0
43 93 0 0 93 0 0 0 0 0
44 93 0 0 93 0 0 0 0 0
45 93 0 0 0 0 0 93 0 0
46 93 0 0 0 0 0 0 0 0
47 93 0 0 93 0 0 0 0 0
48 93 0 0 93 0 0 0 0 0
49 93 0 0 93 0 0 0 0 0
50 93 0 0 93 0 0 0 0 0
51 93 1 1 93 0 0 0 0 0
52 93 0 0 93 0 0 0 0 0
53 93 0 0 93 0 0 0 0 0
54 93 0 0 0 0 0 0 0 0
56 93 0 0 0 0 0 0 0 0
fl=/build/eglibc-ripdx6/eglibc-2.19/elf/dl-altinit.c
fn=dlinit_alt
33 3 0 0 2 0 0 0 0 0
34 1 0 0 1 0 0 0 0 0
fl=/build/eglibc-ripdx6/eglibc-2.19/elf/dl-cache.c
fn=_dl_cache_libcmp
138 123 1 1 82 34 34 0 0 0
139 462 0 0 0 0 0 0 0 0
141 678 0 0 0 0 0 0 0 0
143 236 1 1 0 0 0 0 0 0
149 15 0 0 0 0 0 0 0 0
150 10 0 0 0 0 0 0 0 0
151 20 0 0 5 0 0 0 0 0
153 25 1 1 5 0 0 0 0 0
155 10 0 0 0 0 0 0 0 0
161 442 1 1 0 0 0 0 0 0
163 812 0 0 370 2 2 0 0 0
164 36 0 0 0 0 0 0 0 0
167 185 0 0 0 0 0 0 0 0
168 185 0 0 0 0 0 0 0 0
171 10 0 0 0 0 0 0 0 0
172 82 0 0 41 0 0 0 0 0
fn=_dl_load_cache_lookup
182 32 1 1 0 0 0 24 0 0
190 8 0 0 4 0 0 0 0 0
193 12 0 0 4 0 0 0 0 0
196 5 1 1 0 0 0 1 1 1
204 5 1 1 1 0 0 0 0 0
205 6 0 0 0 0 0 1 0 0
209 1 0 0 0 0 0 1 0 0
212 4 0 0 1 0 0 0 0 0
215 2 0 0 0 0 0 1 0 0
216 3 1 1 0 0 0 0 0 0
217 5 0 0 0 0 0 1 0 0
219 2 0 0 0 0 0 0 0 0
238 12 0 0 3 0 0 0 0 0
244 12 1 1 4 0 0 0 0 0
253 20 0 0 8 0 0 4 0 0
259 16 1 1 0 0 0 8 0 0
263 28 0 0 8 0 0 8 0 0
264 24 0 0 12 0 0 0 0 0
278 939 9 9 122 31 31 45 0 0
294 8 1 1 4 0 0 0 0 0
299 36 0 0 28 0 0 0 0 0
fn=_dl_unload_cache
308 1 0 0 0 0 0 0 0 0
309 4 1 1 1 1 0 0 0 0
311 2 0 0 1 1 0 1 0 0
312 1 0 0 0 0 0 1 0 0
314 2 0 0 1 0 0 0 0 0
fl=/build/eglibc-ripdx6/eglibc-2.19/elf/dl-debug.c
fn=_dl_debug_initialize
50 14 1 1 0 0 0 0 0 0
51 7 1 1 7 0 0 0 0 0
55 26 1 1 7 1 0 0 0 0
58 1 0 0 0 0 0 1 0 0
59 2 0 0 0 0 0 1 0 0
60 6 0 0 2 0 0 1 0 0
61 2 0 0 0 0 0 1 0 0
fn=_dl_debug_state
74 2 0 0 2 0 0 0 0 0
fl=/build/eglibc-ripdx6/eglibc-2.19/elf/dl-deps.c
fn=_dl_map_object_deps
147 11 1 1 0 0 0 9 0 0
148 9 1 1 0 0 0 1 0 0
160 6 0 0 0 0 0 2 0 0
161 2 0 0 0 0 0 2 0 0
162 10 3 3 0 0 0 3 0 0
164 1 0 0 0 0 0 0 0 0
168 8 0 0 2 0 0 2 0 0
178 8 0 0 1 0 0 0 0 0
179 1 0 0 1 0 0 0 0 0
182 3 0 0 0 0 0 2 0 0
188 1 0 0 0 0 0 1 0 0
189 1 0 0 0 0 0 1 0 0
201 2 0 0 1 0 0 1 0 0
202 1 0 0 0 0 0 0 0 0
203 1 0 0 0 0 0 1 0 0
204 2 1 1 0 0 0 2 0 0
209 7 0 0 0 0 0 0 0 0
210 7 0 0 0 0 0 0 0 0
213 7 0 0 0 0 0 7 0 0
217 28 1 1 14 0 0 0 0 0
218 32 0 0 13 0 0 0 0 0
220 5 0 0 0 0 0 0 0 0
222 15 1 1 10 0 0 0 0 0
224 26 1 1 2 0 0 4 0 0
229 22 0 0 11 1 1 0 0 0
231 15 0 0 10 0 0 5 0 0
236 5 0 0 0 0 0 5 0 0
237 5 0 0 0 0 0 5 0 0
238 10 1 1 5 0 0 5 0 0
239 10 0 0 5 0 0 5 0 0
242 563 0 0 147 2 0 5 0 0
243 264 1 1 0 0 0 0 0 0
249 63 0 0 18 0 0 9 0 0
251 9 0 0 0 0 0 9 0 0
254 54 1 1 36 0 0 9 0 0
256 27 0 0 9 0 0 0 0 0
271 9 0 0 9 0 0 0 0 0
273 18 1 1 9 0 0 0 0 0
278 15 0 0 0 0 0 0 0 0
281 5 0 0 0 0 0 5 1 1
282 5 0 0 0 0 0 5 0 0
283 5 0 0 0 0 0 5 0 0
284 10 0 0 5 0 0 5 0 0
286 20 0 0 5 0 0 5 0 0
288 25 1 1 5 0 0 10 0 0
292 18 0 0 0 0 0 0 0 0
293 21 0 0 0 0 0 7 0 0
295 369 1 1 0 0 0 0 0 0
343 9 1 1 0 0 0 4 0 0
471 14 0 0 0 0 0 0 0 0
473 15 1 1 0 0 0 5 0 0
475 10 0 0 0 0 0 5 0 0
476 10 0 0 0 0 0 0 0 0
477 10 0 0 0 0 0 0 0 0
480 5 0 0 0 0 0 5 1 1
481 30 0 0 0 0 0 5 0 0
482 25 0 0 0 0 0 5 0 0
485 5 0 0 0 0 0 5 0 0
486 5 0 0 5 0 0 0 0 0
490 28 1 1 14 0 0 0 0 0
492 7 1 1 7 0 0 0 0 0
493 32 0 0 6 0 0 0 0 0
497 6 0 0 2 0 0 0 0 0
498 2 1 1 1 0 0 1 0 0
501 5 0 0 2 0 0 1 0 0
511 2 0 0 0 0 0 1 0 0
512 3 1 1 1 0 0 0 0 0
514 2 0 0 0 0 0 0 0 0
519 7 0 0 2 0 0 1 0 0
520 4 1 1 1 0 0 1 0 0
522 38 1 1 15 0 0 1 0 0
528 21 0 0 7 0 0 7 2 2
532 14 0 0 14 0 0 0 0 0
535 2 0 0 1 0 0 0 0 0
586 6 0 0 3 0 0 1 0 0
587 1 0 0 0 0 0 1 0 0
588 3 0 0 1 0 0 0 0 0
623 7 2 2 1 0 0 2 0 0
625 3 0 0 0 0 0 0 0 0
629 31 1 1 16 0 0 3 0 0
630 8 2 2 0 0 0 2 0 0
631 3 0 0 1 0 0 1 0 0
635 8 0 0 8 0 0 0 0 0
636 16 0 0 8 0 0 0 0 0
642 61 0 0 8 0 0 0 0 0
644 68 1 1 34 0 0 0 0 0
645 39 0 0 0 0 0 0 0 0
647 111 0 0 37 0 0 0 0 0
648 81 0 0 0 0 0 0 0 0
652 20 0 0 0 0 0 10 0 0
654 2 0 0 0 0 0 2 0 0
656 20 1 1 14 0 0 0 0 0
658 2 1 1 2 0 0 0 0 0
662 2 0 0 2 0 0 0 0 0
663 14 2 2 4 0 0 4 0 0
665 2 0 0 0 0 0 2 0 0
667 4 0 0 2 0 0 0 0 0
670 15 0 0 0 0 0 0 0 0
673 18 0 0 6 0 0 0 0 0
676 83 0 0 21 0 0 21 0 0
683 2 0 0 1 0 0 1 0 0
685 2 0 0 1 0 0 1 0 0
686 1 0 0 1 0 0 0 0 0
687 3 1 1 1 0 0 0 0 0
694 3 0 0 1 0 0 0 0 0
697 2 0 0 0 0 0 0 0 0
700 8 0 0 7 1 0 0 0 0
fn=openaux
60 18 1 1 0 0 0 9 0 0
63 90 1 1 36 0 0 18 1 1
64 18 0 0 9 0 0 0 0 0
67 9 0 0 9 0 0 0 0 0
68 18 0 0 18 0 0 0 0 0
fl=/build/eglibc-ripdx6/eglibc-2.19/elf/dl-environ.c
fn=_dl_next_ld_env_entry
30 3 1 1 3 0 0 0 0 0
31 1 0 0 0 0 0 0 0 0
33 248 0 0 82 0 0 0 0 0
35 162 1 1 81 41 41 0 0 0
36 40 0 0 19 0 0 0 0 0
38 2 0 0 0 0 0 0 0 0
41 4 0 0 0 0 0 2 0 0
43 2 0 0 2 0 0 0 0 0
46 79 0 0 0 0 0 0 0 0
50 1 0 0 1 0 0 0 0 0
fl=/build/eglibc-ripdx6/eglibc-2.19/elf/dl-error.c
fn=_dl_catch_error
163 40 1 1 0 0 0 30 0 0
175 20 0 0 0 0 0 20 3 3
176 20 1 1 0 0 0 20 0 0
177 20 0 0 0 0 0 20 0 0
178 20 0 0 0 0 0 10 0 0
180 20 0 0 10 0 0 20 1 1
181 20 0 0 10 0 0 10 0 0
182 20 0 0 0 0 0 10 0 0
185 60 1 1 0 0 0 10 0 0
187 30 0 0 20 0 0 10 0 0
188 30 0 0 20 0 0 10 0 0
189 20 0 0 10 0 0 10 0 0
190 20 0 0 10 0 0 10 0 0
191 20 1 1 10 0 0 10 0 0
199 40 0 0 20 0 0 0 0 0
fn=_dl_receive_error
205 10 0 0 0 0 0 6 0 0
206 2 0 0 1 0 0 1 0 0
210 1 0 0 1 0 0 0 0 0
211 1 1 1 1 0 0 0 0 0
214 1 0 0 0 0 0 1 0 0
215 1 0 0 0 0 0 1 0 0
217 2 0 0 0 0 0 1 0 0
219 1 0 0 0 0 0 1 0 0
220 1 0 0 0 0 0 1 0 0
221 8 0 0 7 0 0 0 0 0
fl=/build/eglibc-ripdx6/eglibc-2.19/elf/dl-fini.c
fn=_dl_fini
131 8 1 1 0 0 0 6 0 0
143 1 0 0 0 0 0 0 0 0
144 1 0 0 0 0 0 1 0 0
150 1 0 0 0 0 0 1 0 0
153 12 1 1 2 1 0 2 0 0
156 2 1 1 1 1 0 1 0 0
159 2 0 0 2 1 0 0 0 0
162 2 0 0 0 0 0 0 0 0
164 6 0 0 3 0 0 0 0 0
171 2 0 0 1 0 0 0 0 0
175 4 1 1 1 0 0 0 0 0
177 2 0 0 1 0 0 0 0 0
180 9 0 0 0 0 0 1 0 0
183 2 0 0 0 0 0 1 0 0
191 21 0 0 7 0 0 0 0 0
193 14 1 1 7 1 0 0 0 0
195 14 0 0 7 0 0 0 0 0
197 21 0 0 7 0 0 7 0 0
198 7 0 0 0 0 0 7 5 0
199 7 0 0 7 0 0 0 0 0
203 7 0 0 7 1 0 0 0 0
205 2 1 1 1 0 0 0 0 0
210 6 0 0 2 0 0 1 0 0
219 2 0 0 1 0 0 1 0 0
223 19 0 0 8 0 0 0 0 0
225 7 0 0 7 0 0 0 0 0
227 21 1 1 7 0 0 0 0 0
230 14 0 0 0 0 0 7 0 0
233 21 0 0 7 6 0 0 0 0
234 4 1 1 2 2 0 0 0 0
237 10 0 0 5 0 0 0 0 0
244 10 0 0 0 0 0 0 0 0
248 10 0 0 10 4 0 0 0 0
249 5 0 0 5 1 0 0 0 0
250 10 1 1 5 0 0 0 0 0
251 30 0 0 0 0 0 0 0 0
252 10 0 0 5 5 0 5 0 0
256 15 0 0 5 4 0 0 0 0
257 15 0 0 10 5 0 5 0 0
262 42 1 1 14 1 0 0 0 0
278 14 0 0 7 0 0 0 0 0
283 6 0 0 2 0 0 0 0 0
289 2 1 1 1 0 0 0 0 0
296 8 0 0 7 0 0 0 0 0
fn=_dl_sort_fini
32 13 2 2 0 0 0 10 0 0
34 2 0 0 0 0 0 0 0 0
39 4 0 0 0 0 0 1 0 0
40 6 1 1 0 0 0 1 0 0
41 3 0 0 1 0 0 1 0 0
45 24 0 0 8 0 0 8 0 0
46 24 0 0 8 0 0 0 0 0
50 40 1 1 16 0 0 0 0 0
56 24 0 0 9 0 0 1 0 0
57 53 0 0 0 0 0 0 0 0
59 68 0 0 34 3 0 0 0 0
60 39 0 0 0 0 0 0 0 0
62 111 1 1 37 4 0 0 0 0
63 81 0 0 0 0 0 0 0 0
68 22 0 0 0 0 0 12 0 0
70 2 1 1 0 0 0 2 0 0
72 16 0 0 12 0 0 0 0 0
80 12 1 1 6 0 0 0 0 0
87 18 1 1 4 0 0 8 0 0
88 4 0 0 2 0 0 2 0 0
90 6 0 0 4 0 0 0 0 0
93 45 0 0 15 0 0 0 0 0
114 15 0 0 0 0 0 0 0 0
118 31 0 0 6 0 0 0 0 0
121 68 1 1 28 0 0 15 0 0
125 10 1 1 7 0 0 2 0 0
fl=/build/eglibc-ripdx6/eglibc-2.19/elf/dl-hwcaps.c
fn=_dl_important_hwcaps
39 12 1 1 0 0 0 10 2 2
41 1 0 0 1 0 0 0 0 0
42 4 0 0 0 0 0 1 0 0
51 3 1 1 1 0 0 0 0 0
61 4 1 1 1 0 0 1 0 0
92 2 1 1 0 0 0 0 0 0
113 1 1 1 0 0 0 0 0 0
115 5 0 0 0 0 0 1 0 0
130 6 1 1 0 0 0 0 0 0
131 2 0 0 0 0 0 0 0 0
133 2 0 0 0 0 0 0 0 0
145 2 1 1 0 0 0 0 0 0
162 2 1 1 0 0 0 0 0 0
170 2 1 1 1 0 0 0 0 0
172 4 0 0 1 0 0 1 0 0
173 4 0 0 1 0 0 1 0 0
177 3 1 1 0 0 0 1 0 0
178 1 0 0 0 0 0 1 0 0
181 2 0 0 0 0 0 0 0 0
184 2 0 0 0 0 0 0 0 0
188 12 1 1 2 0 0 3 0 0
189 2 0 0 0 0 0 0 0 0
207 12 2 2 1 0 0 6 0 0
208 5 0 0 0 0 0 1 0 0
209 4 1 1 2 0 0 0 0 0
238 3 0 0 0 0 0 2 0 0
241 2 0 0 0 0 0 0 0 0
243 5 1 1 2 0 0 2 0 0
244 7 0 0 2 0 0 4 0 0
269 19 2 2 3 0 0 0 0 0
270 8 0 0 0 0 0 4 0 0
274 12 1 1 0 0 0 0 0 0
277 28 0 0 0 0 0 0 0 0
278 24 1 1 0 0 0 0 0 0
279 12 0 0 8 0 0 0 0 0
281 4 0 0 0 0 0 0 0 0
284 3 0 0 1 0 0 0 0 0
285 1 0 0 0 0 0 0 0 0
286 12 1 1 3 0 0 0 0 0
299 6 0 0 2 0 0 2 0 0
300 2 0 0 0 0 0 0 0 0
302 4 0 0 0 0 0 0 0 0
305 3 0 0 2 0 0 1 0 0
307 1 0 0 0 0 0 0 0 0
308 8 0 0 7 0 0 0 0 0
fl=/build/eglibc-ripdx6/eglibc-2.19/elf/dl-init.c
fn=_dl_init
36 47 1 1 8 0 0 7 0 0
86 11 1 1 0 0 0 6 0 0
87 1 0 0 1 1 0 0 0 0
88 1 0 0 1 0 0 0 0 0
91 3 1 1 1 0 0 0 0 0
94 2 0 0 0 0 0 1 0 0
98 4 0 0 1 0 0 0 0 0
125 24 0 0 0 0 0 0 0 0
126 21 0 0 14 0 0 0 0 0
132 8 0 0 7 0 0 0 0 0
fn=call_init.part.0
34 63 1 1 0 0 0 35 0 0
42 21 0 0 7 0 0 7 0 0
45 28 0 0 14 4 0 0 0 0
46 3 0 0 0 0 0 0 0 0
50 18 0 0 6 5 0 0 0 0
51 2 0 0 1 1 0 0 0 0
55 10 1 1 5 0 0 0 0 0
63 10 0 0 0 0 0 0 0 0
64 30 0 0 10 5 0 5 0 0
67 5 0 0 5 4 0 0 0 0
68 10 0 0 0 0 0 0 0 0
74 15 0 0 10 7 0 0 0 0
76 10 0 0 10 0 0 0 0 0
77 53 1 1 0 0 0 0 0 0
78 70 0 0 14 3 0 14 0 0
80 42 1 1 42 0 0 0 0 0
fl=/build/eglibc-ripdx6/eglibc-2.19/elf/dl-load.c
fn=_dl_init_paths
742 9 1 1 0 0 0 7 0 0
755 6 1 1 2 0 0 2 0 0
759 1 0 0 0 0 0 1 0 0
760 3 0 0 0 0 0 1 0 0
761 2 0 0 0 0 0 0 0 0
768 3 0 0 0 0 0 0 0 0
769 5 1 1 1 0 0 2 0 0
772 5 0 0 0 0 0 2 0 0
774 3 0 0 1 0 0 0 0 0
780 1 0 0 0 0 0 1 0 0
781 1 0 0 0 0 0 1 0 0
789 15 1 1 0 0 0 3 0 0
791 9 2 2 0 0 0 4 0 0
792 7 0 0 0 0 0 4 3 3
794 5 0 0 0 0 0 4 1 1
795 14 0 0 3 1 1 4 0 0
796 29 1 1 4 0 0 9 0 0
799 9 0 0 3 1 1 0 0 0
803 22 1 1 11 0 0 5 0 0
809 1 0 0 0 0 0 1 1 1
810 1 0 0 0 0 0 1 0 0
814 1 1 1 1 0 0 0 0 0
815 2 0 0 0 0 0 0 0 0
817 4 0 0 1 0 0 0 0 0
819 3 0 0 1 0 0 0 0 0
836 1 0 0 0 0 0 1 0 0
838 3 1 1 1 0 0 0 0 0
852 2 1 1 0 0 0 1 0 0
857 5 2 2 2 0 0 0 0 0
863 5 0 0 0 0 0 1 0 0
865 12 1 1 1 0 0 2 0 0
881 2 0 0 0 0 0 0 0 0
882 249 1 1 62 0 0 0 0 0
883 61 0 0 0 0 0 0 0 0
884 183 0 0 0 0 0 0 0 0
886 1 0 0 0 0 0 1 0 0
887 1 0 0 0 0 0 1 0 0
888 2 0 0 0 0 0 0 0 0
894 8 1 1 1 0 0 2 0 0
898 3 0 0 2 0 0 0 0 0
904 1 0 0 0 0 0 1 0 0
908 8 0 0 7 0 0 0 0 0
fn=_dl_map_object
172 12 1 1 4 0 0 4 0 0
173 12 0 0 0 0 0 8 0 0
175 12 0 0 4 0 0 0 0 0
178 16 0 0 8 0 0 4 0 0
719 42 3 3 14 0 0 0 0 0
722 4 0 0 0 0 0 0 0 0
725 6 0 0 2 0 0 0 0 0
728 4 2 2 0 0 0 2 0 0
2339 100 1 1 0 0 0 80 4 4
2346 20 0 0 0 0 0 0 0 0
2347 20 0 0 10 1 1 0 0 0
2350 192 1 1 44 0 0 0 0 0
2355 117 0 0 39 0 0 0 0 0
2356 78 0 0 0 0 0 0 0 0
2358 200 1 1 0 0 0 39 2 2
2362 68 0 0 34 0 0 0 0 0
2363 102 1 1 34 0 0 0 0 0
2366 17 0 0 17 0 0 0 0 0
2367 34 0 0 34 0 0 0 0 0
2368 68 0 0 0 0 0 17 0 0
2384 10 0 0 5 0 0 0 0 0
2394 25 1 1 5 0 0 0 0 0
2418 5 0 0 0 0 0 5 2 2
2420 25 0 0 0 0 0 5 0 0
2424 16 1 1 0 0 0 8 0 0
2426 8 0 0 4 0 0 0 0 0
2433 16 1 1 4 0 0 0 0 0
2437 8 1 1 4 0 0 4 0 0
2438 8 0 0 0 0 0 4 0 0
2442 18 1 1 6 0 0 0 0 0
2443 6 0 0 0 0 0 0 0 0
2445 52 1 1 0 0 0 20 0 0
2457 20 2 2 16 0 0 0 0 0
2458 28 1 1 8 0 0 0 0 0
2459 4 0 0 0 0 0 0 0 0
2468 8 0 0 4 0 0 0 0 0
2469 72 1 1 8 0 0 16 0 0
2475 24 0 0 0 0 0 8 0 0
2476 4 0 0 0 0 0 0 0 0
2478 8 1 1 4 0 0 4 0 0
2484 16 1 1 0 0 0 4 0 0
2486 12 0 0 4 0 0 0 0 0
2490 12 0 0 0 0 0 8 0 0
2492 8 0 0 0 0 0 0 0 0
2496 12 1 1 4 0 0 0 0 0
2504 8 0 0 4 0 0 0 0 0
2526 32 0 0 8 0 0 4 0 0
2529 12 0 0 0 0 0 4 0 0
2531 4 1 1 0 0 0 4 0 0
2532 12 0 0 4 0 0 0 0 0
2552 8 1 1 4 0 0 0 0 0
2558 1 0 0 0 0 0 1 0 0
2560 6 0 0 0 0 0 1 0 0
2561 3 1 1 0 0 0 0 0 0
2562 1 0 0 0 0 0 0 0 0
2565 7 0 0 0 0 0 1 0 0
2568 2 0 0 0 0 0 0 0 0
2580 15 2 1 0 0 0 0 0 0
2582 10 0 0 0 0 0 0 0 0
2626 10 0 0 5 0 0 5 0 0
2627 60 1 1 10 0 0 20 0 0
2629 80 0 0 70 0 0 0 0 0
fn=_dl_map_object_from_fd
485 8 1 1 4 0 0 0 0 0
945 75 2 2 0 0 0 50 1 1
956 20 0 0 5 0 0 10 1 1
957 5 1 1 0 0 0 5 0 0
960 30 1 1 0 0 0 5 0 0
971 95 0 0 30 0 0 0 0 0
972 95 1 1 50 2 2 0 0 0
989 10 1 1 5 0 0 0 0 0
1014 10 0 0 5 0 0 0 0 0
1024 10 0 0 5 0 0 0 0 0
1046 20 0 0 10 0 0 0 0 0
1078 10 0 0 0 0 0 0 0 0
1081 40 0 0 20 0 0 5 0 0
1082 10 0 0 0 0 0 0 0 0
1093 15 1 1 10 0 0 5 2 2
1094 15 0 0 10 0 0 5 0 0
1095 10 0 0 5 0 0 5 0 0
1097 25 0 0 0 0 0 0 0 0
1098 20 1 1 10 0 0 0 0 0
1099 5 0 0 0 0 0 0 0 0
1114 5 0 0 0 0 0 5 0 0
1123 60 1 1 10 0 0 15 0 0
1124 5 0 0 0 0 0 0 0 0
1125 5 0 0 0 0 0 0 0 0
1131 335 0 0 0 0 0 0 0 0
1132 321 1 1 40 0 0 0 0 0
1138 10 0 0 5 0 0 5 0 0
1139 15 1 1 5 0 0 5 0 0
1140 5 0 0 0 0 0 0 0 0
1143 4 0 0 2 0 0 2 0 0
1144 2 0 0 0 0 0 0 0 0
1149 50 1 1 20 0 0 0 0 0
1155 60 1 1 20 0 0 0 0 0
1156 10 0 0 0 0 0 0 0 0
1163 50 0 0 10 0 0 0 0 0
1164 40 1 1 0 0 0 10 4 4
1165 30 0 0 10 0 0 0 0 0
1166 20 0 0 0 0 0 10 3 3
1167 10 0 0 0 0 0 10 0 0
1168 20 0 0 10 0 0 10 2 2
1169 20 0 0 0 0 0 10 0 0
1173 20 0 0 0 0 0 0 0 0
1174 15 0 0 5 0 0 0 0 0
1179 70 0 0 10 0 0 10 1 1
1189 10 0 0 0 0 0 0 0 0
1192 6 1 1 2 0 0 0 0 0
1196 2 0 0 0 0 0 2 2 2
1197 4 0 0 2 0 0 2 0 0
1198 4 0 0 0 0 0 0 0 0
1199 2 0 0 0 0 0 0 0 0
1201 6 0 0 2 0 0 2 0 0
1202 4 1 1 2 0 0 2 0 0
1205 4 0 0 2 0 0 2 0 0
1209 8 0 0 2 0 0 0 0 0
1215 6 0 0 2 0 0 4 2 2
1216 2 0 0 0 0 0 0 0 0
1220 20 0 0 5 0 0 5 0 0
1228 25 1 1 0 0 0 0 0 0
1272 10 1 1 5 0 0 5 0 0
1273 20 1 1 0 0 0 0 0 0
1276 8 0 0 4 0 0 4 0 0
1277 12 0 0 8 0 0 4 0 0
1278 4 0 0 0 0 0 0 0 0
1281 15 0 0 0 0 0 0 0 0
1294 40 1 1 25 0 0 5 0 0
1296 10 0 0 5 0 0 0 0 0
1310 5 0 0 5 0 0 0 0 0
1315 35 1 1 20 0 0 10 2 2
1319 10 0 0 0 0 0 0 0 0
1326 15 0 0 5 0 0 5 0 0
1327 15 0 0 10 0 0 5 0 0
1329 10 1 1 0 0 0 0 0 0
1335 30 1 1 5 0 0 5 0 0
1336 5 1 1 5 0 0 0 0 0
1339 5 0 0 5 0 0 0 0 0
1341 5 0 0 5 0 0 0 0 0
1362 50 1 1 10 0 0 0 0 0
1364 20 0 0 10 0 0 0 0 0
1366 50 0 0 20 0 0 5 0 0
1374 30 0 0 10 0 0 0 0 0
1375 15 0 0 10 0 0 5 0 0
1377 20 0 0 10 0 0 0 0 0
1378 15 1 1 9 0 0 0 0 0
1379 18 0 0 6 0 0 0 0 0
1380 15 1 1 3 0 0 0 0 0
1382 12 0 0 0 0 0 3 0 0
1385 40 2 1 20 0 0 0 0 0
1391 10 0 0 5 0 0 0 0 0
1392 5 0 0 0 0 0 0 0 0
1393 25 0 0 5 0 0 0 0 0
1394 10 0 0 0 0 0 0 0 0
1401 10 0 0 0 0 0 0 0 0
1404 10 0 0 0 0 0 0 0 0
1415 35 0 0 0 0 0 15 0 0
1416 25 0 0 15 0 0 0 0 0
1421 10 0 0 0 0 0 0 0 0
1425 16 0 0 2 0 0 2 0 0
1428 4 0 0 0 0 0 0 0 0
1436 10 1 1 0 0 0 0 0 0
1440 20 0 0 10 0 0 0 0 0
1449 15 0 0 5 0 0 5 0 0
1455 10 0 0 0 0 0 0 0 0
1471 15 0 0 5 0 0 0 0 0
1490 10 0 0 5 0 0 5 0 0
1492 25 1 1 10 0 0 0 0 0
1547 15 0 0 5 3 3 0 0 0
1548 4 0 0 2 0 0 2 0 0
1551 20 0 0 5 0 0 5 0 0
1559 35 3 3 5 0 0 0 0 0
1562 20 0 0 10 0 0 5 0 0
1564 10 0 0 5 0 0 0 0 0
1580 10 1 1 0 0 0 5 0 0
1584 10 0 0 5 0 0 0 0 0
1585 10 0 0 5 0 0 0 0 0
1602 10 0 0 5 0 0 0 0 0
1603 1 0 0 0 0 0 1 0 0
1606 10 0 0 5 0 0 5 0 0
1607 10 1 1 5 0 0 5 0 0
1611 10 0 0 5 0 0 0 0 0
1621 15 0 0 5 0 0 5 0 0
1625 20 0 0 5 0 0 0 0 0
1645 40 1 1 35 0 0 0 0 0
fn=expand_dynamic_string_token
172 12 0 0 0 0 0 4 0 0
173 8 0 0 0 0 0 4 0 0
175 8 0 0 0 0 0 0 0 0
178 16 1 1 0 0 0 0 0 0
426 32 2 2 0 0 0 20 0 0
436 20 0 0 0 0 0 4 1 1
451 20 0 0 20 0 0 0 0 0
fn=fillin_rpath
497 16 2 2 0 0 0 12 0 0
499 1 0 0 0 0 0 0 0 0
501 30 0 0 10 0 0 5 0 0
504 2 0 0 0 0 0 1 0 0
505 1 0 0 0 0 0 0 0 0
508 8 0 0 4 0 0 0 0 0
510 15 0 0 3 0 0 3 0 0
514 6 0 0 0 0 0 0 0 0
519 6 1 1 0 0 0 3 0 0
520 6 0 0 0 0 0 0 0 0
527 27 0 0 5 0 0 0 0 0
532 6 0 0 0 0 0 3 0 0
536 15 2 2 4 0 0 3 0 0
543 65 1 1 19 0 0 0 0 0
544 44 0 0 18 0 0 2 0 0
551 5 0 0 0 0 0 0 0 0
552 6 0 0 2 0 0 0 0 0
555 2 0 0 0 0 0 0 0 0
562 12 2 2 3 0 0 3 0 0
565 6 0 0 0 0 0 3 0 0
566 12 1 1 6 0 0 3 0 0
567 12 0 0 0 0 0 6 0 0
568 12 0 0 6 0 0 0 0 0
572 3 0 0 0 0 0 3 2 2
573 3 0 0 0 0 0 0 0 0
574 15 0 0 0 0 0 9 0 0
575 3 0 0 0 0 0 3 0 0
577 9 1 1 6 0 0 0 0 0
583 12 0 0 3 0 0 0 0 0
584 42 1 1 0 0 0 0 0 0
585 30 0 0 0 0 0 6 0 0
587 6 0 0 3 0 0 3 0 0
588 6 1 1 3 0 0 0 0 0
593 6 1 1 0 0 0 3 0 0
595 3 0 0 0 0 0 3 0 0
596 3 0 0 0 0 0 3 0 0
599 9 0 0 0 0 0 3 1 1
601 12 1 1 4 0 0 4 0 0
605 1 1 1 0 0 0 1 0 0
608 9 0 0 7 0 0 0 0 0
fn=open_path
2190 56 2 2 0 0 0 48 2 2
2191 8 0 0 4 0 0 4 0 0
2194 4 0 0 0 0 0 4 0 0
2195 4 0 0 0 0 0 4 0 0
2197 8 0 0 0 0 0 0 0 0
2202 32 1 1 8 0 0 0 0 0
2205 12 0 0 12 0 0 0 0 0
2209 24 0 0 0 0 0 0 0 0
2214 24 0 0 12 0 0 0 0 0
2221 60 1 1 24 0 0 24 2 2
2222 244 0 0 34 0 0 0 0 0
2225 96 1 1 48 0 0 0 0 0
2229 390 1 1 180 0 0 60 0 0
2232 30 0 0 0 0 0 0 0 0
2235 60 0 0 30 0 0 0 0 0
2238 210 0 0 120 0 0 30 0 0
2240 90 0 0 30 0 0 0 0 0
2242 16 0 0 0 0 0 0 0 0
2247 16 0 0 8 0 0 0 0 0
2248 72 1 1 32 0 0 0 0 0
2254 44 0 0 12 0 0 12 0 0
2256 48 0 0 8 0 0 8 0 0
2257 4 0 0 2 1 1 0 0 0
2259 42 1 1 8 0 0 8 0 0
2266 104 1 1 0 0 0 0 0 0
2268 66 0 0 0 0 0 0 0 0
2276 8 0 0 0 0 0 4 0 0
2304 4 0 0 0 0 0 0 0 0
2307 60 1 1 12 0 0 0 0 0
2312 12 0 0 12 0 0 0 0 0
2314 48 0 0 36 0 0 0 0 0
2317 12 1 1 4 0 0 0 0 0
2331 38 1 1 28 0 0 0 0 0
fn=open_verify
1895 12 1 1 0 0 0 8 0 0
1931 3 0 0 1 0 0 0 0 0
1952 5 1 1 1 0 0 2 0 0
1953 2 0 0 0 0 0 0 0 0
1963 1 0 0 0 0 0 1 0 0
1964 2 0 0 0 0 0 1 0 0
1969 6 1 1 1 0 0 1 0 0
1971 2 0 0 0 0 0 0 0 0
1973 3 0 0 1 0 0 1 0 0
1975 2 0 0 0 0 0 0 0 0
1981 2 0 0 0 0 0 0 0 0
1997 11 1 1 0 0 0 1 0 0
1999 1 0 0 1 0 0 0 0 0
2001 4 0 0 0 0 0 1 0 0
2028 3 1 1 2 0 0 0 0 0
2072 2 0 0 1 1 1 0 0 0
2077 2 1 1 1 0 0 0 0 0
2080 4 0 0 1 0 0 0 0 0
2085 2 0 0 1 0 0 0 0 0
2092 5 0 0 1 0 0 0 0 0
2093 4 1 1 1 0 0 0 0 0
2094 1 0 0 0 0 0 0 0 0
2109 61 0 0 0 0 0 0 0 0
2111 19 1 1 9 5 5 0 0 0
2115 4 0 0 2 0 0 0 0 0
2116 2 0 0 0 0 0 0 0 0
2125 6 2 2 0 0 0 1 0 0
2128 1 0 0 0 0 0 0 0 0
2129 3 0 0 1 0 0 0 0 0
2130 3 0 0 1 0 0 0 0 0
2132 3 0 0 0 0 0 0 0 0
2176 8 1 1 7 0 0 0 0 0
fn=open_verify.constprop.6
1893 374 1 1 0 0 0 238 3 3
1931 102 0 0 34 0 0 0 0 0
1952 170 0 0 34 0 0 68 2 2
1953 68 1 1 0 0 0 0 0 0
1963 4 0 0 0 0 0 4 0 0
1964 8 0 0 0 0 0 4 0 0
1969 24 0 0 4 0 0 4 0 0
1971 8 0 0 0 0 0 0 0 0
1973 12 0 0 4 0 0 4 0 0
1975 8 1 1 0 0 0 0 0 0
1981 8 0 0 0 0 0 0 0 0
1997 44 0 0 0 0 0 4 0 0
1999 4 0 0 4 0 0 0 0 0
2001 16 1 1 0 0 0 4 0 0
2027 4 1 1 2 0 0 0 0 0
2072 8 0 0 4 0 0 0 0 0
2077 8 0 0 4 0 0 0 0 0
2080 16 1 1 4 0 0 0 0 0
2085 8 0 0 4 0 0 0 0 0
2092 28 1 1 4 0 0 0 0 0
2093 16 0 0 4 0 0 0 0 0
2094 4 0 0 0 0 0 0 0 0
2109 214 0 0 2 0 0 0 0 0
2111 72 1 1 34 7 7 0 0 0
2115 16 0 0 8 0 0 0 0 0
2116 8 0 0 0 0 0 0 0 0
2125 36 1 1 0 0 0 6 0 0
2128 4 0 0 0 0 0 0 0 0
2129 12 0 0 4 0 0 0 0 0
2130 12 0 0 4 0 0 0 0 0
2132 12 0 0 0 0 0 0 0 0
2137 2 0 0 0 0 0 0 0 0
2138 2 0 0 0 0 0 0 0 0
2141 4 1 1 0 0 0 0 0 0
2144 6 0 0 2 0 0 0 0 0
2145 10 0 0 2 0 0 0 0 0
2146 4 0 0 2 1 1 0 0 0
2147 6 0 0 2 0 0 0 0 0
2148 12 0 0 4 0 0 0 0 0
2153 30 1 1 0 0 0 0 0 0
2176 272 0 0 238 0 0 0 0 0
fl=/build/eglibc-ripdx6/eglibc-2.19/elf/dl-lookup.c
fn=_dl_lookup_symbol_x
475 2640 1 1 0 0 0 0 0 0
476 210196 0 0 51889 1315 1095 1320 0 0
477 202276 0 0 0 0 0 0 0 0
714 18480 1 1 0 0 0 10560 8 2
716 2640 1 1 0 0 0 1320 0 0
717 2640 0 0 0 0 0 2640 2 1
720 1320 0 0 1320 4 0 0 0 0
724 5236 0 0 1298 0 0 0 0 0
728 2640 1 1 0 0 0 1320 0 0
729 2640 0 0 1320 0 0 0 0 0
731 2640 0 0 2640 13 0 0 0 0
735 10640 1 1 20 0 0 2640 0 0
737 17160 1 1 7920 0 0 9240 10 2
740 2640 0 0 0 0 0 0 0 0
743 20 0 0 0 0 0 0 0 0
766 2640 0 0 1320 0 0 0 0 0
768 140 2 2 40 0 0 0 0 0
784 20 0 0 0 0 0 20 0 0
785 40 0 0 0 0 0 0 0 0
788 1300 0 0 1300 0 0 0 0 0
789 9100 0 0 2600 0 0 0 0 0
815 1300 1 1 0 0 0 0 0 0
824 6500 0 0 1300 0 0 0 0 0
838 3900 0 0 1300 13 1 0 0 0
839 2 1 1 0 0 0 1 0 0
841 5200 0 0 2600 0 0 0 0 0
846 1300 1 1 0 0 0 1300 0 0
848 10560 0 0 9240 0 0 0 0 0
fn=_dl_setup_hash
859 21 1 1 7 0 0 0 0 0
863 7 0 0 7 0 0 0 0 0
867 14 0 0 7 7 7 7 1 1
868 7 0 0 7 0 0 0 0 0
869 7 0 0 7 2 2 0 0 0
871 21 0 0 0 0 0 0 0 0
872 7 0 0 0 0 0 7 0 0
873 21 1 1 7 0 0 7 0 0
875 7 0 0 0 0 0 7 0 0
876 14 0 0 0 0 0 0 0 0
878 7 0 0 0 0 0 7 0 0
879 7 0 0 0 0 0 0 0 0
880 28 0 0 0 0 0 7 0 0
881 7 0 0 7 0 0 0 0 0
fn=check_match.9481
131 9114 1 1 0 0 0 5208 3 2
132 2604 0 0 1302 48 27 0 0 0
134 5208 1 1 2604 162 127 0 0 0
136 3906 0 0 1302 0 0 0 0 0
146 3900 0 0 1300 0 0 1300 16 5
149 2924 0 0 1462 0 0 54 3 1
153 2600 1 1 2600 1 0 0 0 0
154 3900 0 0 1300 0 0 0 0 0
156 2596 0 0 0 0 0 0 0 0
175 2596 0 0 2596 39 10 0 0 0
176 10384 0 0 3894 16 0 0 0 0
177 6490 1 1 2596 6 0 1298 0 0
204 4 0 0 0 0 0 0 0 0
206 12 0 0 4 2 0 0 0 0
207 8 0 0 2 0 0 0 0 0
215 2 0 0 0 0 0 0 0 0
222 9112 1 1 6510 0 0 0 0 0
fn=do_lookup_x
77 10560 0 0 3960 0 0 6600 4 0
82 15840 2 2 2640 0 0 9240 12 4
83 1320 0 0 1320 4 0 0 0 0
89 1320 0 0 1320 0 0 0 0 0
95 4179 0 0 0 0 0 4179 0 0
96 4179 0 0 0 0 0 4179 0 0
98 12537 0 0 8358 43 0 4179 0 0
101 8358 0 0 0 0 0 0 0 0
105 8370 0 0 4185 0 0 0 0 0
109 8354 1 1 4177 30 0 0 0 0
113 8354 0 0 4177 4 0 0 0 0
119 12531 0 0 4177 19 0 0 0 0
123 8354 0 0 8354 55 0 0 0 0
124 12531 1 1 8354 5 0 4177 0 0
225 4177 0 0 4177 0 0 0 0 0
226 8354 0 0 0 0 0 0 0 0
228 4177 0 0 4177 622 106 0 0 0
229 2640 0 0 0 0 0 0 0 0
230 8354 0 0 4177 0 0 0 0 0
232 5280 1 1 0 0 0 0 0 0
233 16708 0 0 4177 0 0 0 0 0
236 16708 1 1 0 0 0 0 0 0
237 12531 0 0 0 0 0 0 0 0
239 2724 0 0 2724 527 118 0 0 0
240 5448 1 1 0 0 0 0 0 0
241 2724 1 1 0 0 0 0 0 0
243 4083 0 0 1361 0 0 0 0 0
246 18385 0 0 3677 1076 306 0 0 0
248 10416 0 0 2604 0 0 2604 0 0
249 10416 1 1 0 0 0 6510 0 0
250 6518 1 1 3912 0 0 0 0 0
253 7131 0 0 0 0 0 0 0 0
257 2877 0 0 0 0 0 2877 0 0
281 5754 0 0 2877 0 0 0 0 0
286 6720 1 1 1300 0 0 0 0 0
290 5185 1 1 895 3 0 1250 0 0
303 2600 0 0 1300 0 0 1300 0 0
304 2600 0 0 1300 0 0 1300 0 0
305 1300 0 0 0 0 0 0 0 0
316 650 2 2 50 0 0 0 0 0
317 720 0 0 50 0 0 0 0 0
318 1221 2 2 204 58 57 0 0 0
320 168 0 0 0 0 0 0 0 0
321 168 0 0 0 0 0 0 0 0
322 106 0 0 0 0 0 0 0 0
325 120 0 0 0 0 0 120 0 0
326 120 0 0 0 0 0 120 0 0
327 170 0 0 50 0 0 120 0 0
328 212 0 0 0 0 0 120 0 0
331 350 0 0 50 0 0 50 0 0
332 50 0 0 50 0 0 0 0 0
334 100 0 0 50 2 0 50 0 0
336 100 1 1 50 0 0 50 0 0
337 50 0 0 50 0 0 0 0 0
338 100 0 0 0 0 0 0 0 0
340 196 0 0 0 0 0 0 0 0
341 637 1 1 0 0 0 49 0 0
344 975 1 1 345 40 27 0 0 0
345 98 0 0 49 0 0 49 0 0
364 326 0 0 0 0 0 0 0 0
368 258 0 0 0 0 0 0 0 0
369 138 0 0 0 0 0 0 0 0
372 441 2 2 98 0 0 49 0 0
377 6 0 0 2 2 0 0 0 0
379 8 0 0 0 0 0 2 0 0
380 8 0 0 0 0 0 2 0 0
382 6 0 0 0 0 0 0 0 0
389 204 1 1 2 0 0 2 0 0
390 276 0 0 92 16 2 0 0 0
391 210 0 0 210 0 0 0 0 0
395 6 0 0 6 2 0 2 0 0
396 2 0 0 0 0 0 2 0 0
398 2 0 0 0 0 0 2 0 0
399 6 0 0 2 2 0 4 0 0
406 3 1 1 1 1 0 0 0 0
415 2 1 1 0 0 0 0 0 0
424 1 0 0 0 0 0 0 0 0
425 5 0 0 0 0 0 2 0 0
426 2 0 0 0 0 0 0 0 0
429 2 0 0 1 0 0 1 0 0
430 2 1 1 0 0 0 1 0 0
431 4 0 0 1 1 0 2 1 0
434 100 0 0 50 0 0 0 0 0
435 150 1 1 150 0 0 0 0 0
439 50 0 0 50 0 0 0 0 0
442 200 0 0 50 0 0 0 0 0
447 100 1 1 100 0 0 0 0 0
449 150 0 0 100 0 0 50 0 0
451 50 0 0 0 0 0 0 0 0
461 16824 0 0 5608 6 0 0 0 0
462 1441 0 0 524 0 0 524 4 1
465 8637 1 1 0 0 0 0 0 0
468 40 0 0 0 0 0 0 0 0
469 10610 1 1 9240 0 0 50 0 0
fl=/build/eglibc-ripdx6/eglibc-2.19/elf/dl-minimal.c
fn=__libc_memalign
51 176 1 1 0 0 0 88 2 2
52 218 1 1 87 3 0 0 0 0
57 3 0 0 0 0 0 1 0 0
58 3 1 1 1 0 0 0 0 0
59 1 0 0 0 0 0 0 0 0
63 132 0 0 0 0 0 44 0 0
64 44 0 0 0 0 0 0 0 0
66 292 0 0 0 0 0 0 0 0
70 16 1 1 4 0 0 0 0 0
71 12 0 0 0 0 0 0 0 0
77 28 0 0 0 0 0 4 0 0
79 20 0 0 8 0 0 0 0 0
83 12 0 0 0 0 0 4 0 0
86 44 0 0 0 0 0 44 0 0
87 44 0 0 0 0 0 44 0 0
89 340 1 1 132 0 0 0 0 0
fn=calloc
102 17 1 1 0 0 0 0 0 0
106 17 0 0 0 0 0 0 0 0
109 85 0 0 0 0 0 0 0 0
113 17 0 0 0 0 0 0 0 0
fn=free
119 12 0 0 0 0 0 6 0 0
121 12 2 1 6 0 0 0 0 0
125 4 0 0 1 0 0 1 0 0
126 1 0 0 0 0 0 1 0 0
128 12 0 0 12 0 0 0 0 0
fn=malloc
93 43 0 0 0 0 0 0 0 0
94 86 0 0 0 0 0 0 0 0
fn=strsep
338 10 1 1 5 0 0 0 0 0
340 5 0 0 5 0 0 0 0 0
341 10 0 0 0 0 0 0 0 0
345 317 0 0 62 0 0 0 0 0
350 238 0 0 119 0 0 0 0 0
352 348 0 0 116 0 0 0 0 0
354 6 0 0 0 0 0 0 0 0
356 6 1 1 0 0 0 3 0 0
357 3 0 0 0 0 0 0 0 0
360 58 0 0 0 0 0 0 0 0
363 4 0 0 0 0 0 4 0 0
367 5 0 0 5 0 0 0 0 0
fl=/build/eglibc-ripdx6/eglibc-2.19/elf/dl-misc.c
fn=_dl_higher_prime_number
344 2 0 0 0 0 0 0 0 0
345 4 0 0 0 0 0 0 0 0
347 20 0 0 0 0 0 0 0 0
349 74 1 1 0 0 0 0 0 0
350 37 0 0 10 2 1 0 0 0
351 3 0 0 0 0 0 0 0 0
365 2 0 0 2 0 0 0 0 0
366 2 0 0 2 0 0 0 0 0
fn=_dl_name_match_p
288 1065 1 1 0 0 0 426 0 0
289 852 0 0 213 8 0 213 1 0
290 227 0 0 0 0 0 0 0 0
292 213 1 1 213 0 0 0 0 0
294 850 0 0 0 0 0 0 0 0
295 1130 0 0 226 15 0 226 0 0
298 212 0 0 212 0 0 0 0 0
300 199 0 0 0 0 0 0 0 0
301 1065 1 1 639 0 0 0 0 0
fn=_dl_sysdep_read_whole_file
45 7 1 1 0 0 0 4 0 0
46 1 0 0 0 0 0 0 0 0
52 4 0 0 0 0 0 1 0 0
53 2 0 0 0 0 0 0 0 0
55 6 0 0 0 0 0 1 0 0
57 2 1 1 1 0 0 1 1 1
60 2 0 0 0 0 0 0 0 0
62 8 1 1 0 0 0 1 0 0
73 2 0 0 0 0 0 1 0 0
76 7 0 0 5 0 0 0 0 0
fl=/build/eglibc-ripdx6/eglibc-2.19/elf/dl-object.c
fn=_dl_add_to_namespace_list
32 30 2 2 0 0 0 12 0 0
34 12 0 0 6 0 0 6 0 0
36 43 0 0 6 0 0 0 0 0
39 60 0 0 20 0 0 0 0 0
40 15 0 0 0 0 0 0 0 0
41 5 0 0 0 0 0 5 0 0
43 5 0 0 0 0 0 5 0 0
46 2 1 1 0 0 0 1 0 0
47 18 0 0 6 0 0 0 0 0
48 12 0 0 6 0 0 6 1 1
49 12 0 0 0 0 0 6 0 0
51 18 0 0 6 0 0 0 0 0
52 18 0 0 12 0 0 0 0 0
fn=_dl_new_object
61 84 1 1 0 0 0 60 1 1
62 30 1 1 0 0 0 6 0 0
68 72 0 0 12 0 0 0 0 0
75 30 1 1 0 0 0 12 0 0
78 12 0 0 0 0 0 0 0 0
81 6 0 0 0 0 0 6 5 5
82 12 0 0 0 0 0 6 6 6
86 12 0 0 0 0 0 6 2 2
87 30 1 1 12 0 0 12 3 3
89 6 0 0 0 0 0 6 0 0
97 30 0 0 12 0 0 6 0 0
98 36 1 1 12 6 6 6 0 0
101 12 0 0 6 0 0 0 0 0
102 13 1 1 0 0 0 6 6 6
103 6 0 0 0 0 0 6 2 2
107 6 0 0 0 0 0 6 0 0
110 49 0 0 0 0 0 0 0 0
112 32 0 0 0 0 0 16 5 5
122 12 1 1 0 0 0 6 1 1
123 6 0 0 0 0 0 6 6 6
126 6 0 0 0 0 0 0 0 0
128 36 0 0 6 0 0 0 0 0
130 15 0 0 0 0 0 5 1 1
133 13 1 1 0 0 0 0 0 0
137 21 0 0 7 0 0 0 0 0
138 2 0 0 0 0 0 0 0 0
141 33 1 1 5 0 0 0 0 0
143 1 0 0 0 0 0 0 0 0
149 1 0 0 0 0 0 1 1 1
152 12 1 1 0 0 0 6 0 0
155 30 0 0 12 0 0 0 0 0
157 25 0 0 5 0 0 10 0 0
161 25 2 1 0 0 0 0 0 0
165 15 1 1 0 0 0 5 0 0
166 20 0 0 0 0 0 0 0 0
211 20 0 0 10 0 0 5 0 0
216 163 0 0 0 0 0 0 0 0
217 178 0 0 84 0 0 0 0 0
222 10 0 0 0 0 0 5 0 0
225 10 0 0 0 0 0 5 1 1
229 48 1 1 42 0 0 0 0 0
fl=/build/eglibc-ripdx6/eglibc-2.19/elf/dl-profstub.c
fn=_dl_mcount_wrapper_check
38 384 2 2 256 0 0 0 0 0
39 128 0 0 128 0 0 0 0 0
fl=/build/eglibc-ripdx6/eglibc-2.19/elf/dl-reloc.c
fn=_dl_relocate_object
154 84 2 2 0 0 0 56 0 0
161 7 0 0 0 0 0 7 0 0
164 14 0 0 0 0 0 0 0 0
165 35 0 0 0 0 0 21 0 0
169 14 0 0 0 0 0 0 0 0
170 28 0 0 14 2 0 0 0 0
176 14 0 0 7 0 0 0 0 0
182 21 1 1 7 0 0 0 0 0
183 14 1 1 7 6 0 0 0 0
186 14 0 0 7 0 0 0 0 0
193 14 0 0 7 2 0 0 0 0
238 21 0 0 14 0 0 7 0 0
264 414 4 4 146 23 1 95 0 0
267 21 0 0 7 0 0 0 0 0
295 7 0 0 7 0 0 0 0 0
298 14 0 0 7 0 0 0 0 0
315 21 1 1 7 3 0 0 0 0
317 56 0 0 49 2 0 0 0 0
323 24 2 2 12 0 0 0 0 0
324 12 0 0 6 0 0 0 0 0
325 12 0 0 0 0 0 0 0 0
328 12 0 0 0 0 0 0 0 0
329 30 0 0 0 0 0 6 0 0
fl=/build/eglibc-ripdx6/eglibc-2.19/elf/dl-tls.c
fn=__tls_get_addr
770 1 1 1 1 0 0 0 0 0
772 3 0 0 2 2 0 0 0 0
775 3 0 0 2 1 0 0 0 0
777 2 0 0 0 0 0 0 0 0
780 1 0 0 1 0 0 0 0 0
781 1 0 0 1 0 0 0 0 0
fn=_dl_add_to_slotinfo
831 8 1 1 0 0 0 6 0 0
837 4 0 0 2 0 0 0 0 0
840 2 0 0 2 2 0 0 0 0
845 10 0 0 2 2 0 0 0 0
886 2 1 1 0 0 0 2 1 0
887 6 0 0 2 2 0 2 0 0
888 8 0 0 8 0 0 0 0 0
fn=_dl_allocate_tls_init
376 8 1 1 0 0 0 7 0 0
377 2 0 0 0 0 0 0 0 0
381 3 1 1 2 1 0 1 0 0
383 1 0 0 0 0 0 0 0 0
384 1 0 0 0 0 0 0 0 0
389 3 0 0 1 0 0 1 0 0
394 17 0 0 2 0 0 0 0 0
400 11 1 1 0 0 0 0 0 0
403 2 1 1 2 1 0 0 0 0
404 4 0 0 0 0 0 0 0 0
410 6 0 0 2 0 0 0 0 0
412 4 1 1 0 0 0 0 0 0
413 4 0 0 2 1 0 0 0 0
422 4 0 0 2 0 0 0 0 0
423 8 0 0 4 0 0 0 0 0
425 4 0 0 0 0 0 0 0 0
426 4 1 1 2 0 0 0 0 0
434 8 0 0 2 0 0 2 1 0
435 2 0 0 0 0 0 2 0 0
436 22 0 0 8 0 0 4 0 0
450 2 1 1 1 0 0 1 0 0
452 1 0 0 1 0 0 0 0 0
453 8 0 0 7 0 0 0 0 0
fn=_dl_allocate_tls_storage
295 2 1 1 1 0 0 0 0 0
296 3 0 0 0 0 0 1 0 0
297 2 0 0 0 0 0 0 0 0
300 1 0 0 0 0 0 1 1 1
306 2 0 0 0 0 0 1 0 0
328 3 1 1 0 0 0 3 0 0
330 1 0 0 1 0 0 0 0 0
341 4 0 0 1 0 0 1 0 0
342 2 0 0 0 0 0 0 0 0
349 1 0 0 0 0 0 0 0 0
353 306 1 1 0 0 0 288 36 36
370 5 0 0 4 0 0 0 0 0
fn=_dl_determine_tlsoffset
112 7 1 1 0 0 0 6 0 0
113 2 0 0 0 0 0 0 0 0
114 1 0 0 0 0 0 0 0 0
115 1 0 0 0 0 0 0 0 0
118 3 0 0 1 0 0 0 0 0
121 2 0 0 1 0 0 0 0 0
123 1 0 0 0 0 0 0 0 0
155 1 0 0 0 0 0 0 0 0
157 16 0 0 3 1 1 0 0 0
159 5 1 1 1 0 0 0 0 0
161 6 0 0 2 0 0 0 0 0
162 4 1 1 2 0 0 0 0 0
164 4 0 0 0 0 0 0 0 0
166 10 0 0 2 0 0 0 0 0
168 4 1 1 0 0 0 0 0 0
182 16 0 0 0 0 0 0 0 0
184 6 0 0 0 0 0 0 0 0
185 2 0 0 0 0 0 0 0 0
194 2 1 1 0 0 0 2 0 0
197 4 0 0 0 0 0 1 0 0
198 1 0 0 0 0 0 1 0 0
249 1 0 0 0 0 0 1 0 0
250 8 1 1 7 0 0 0 0 0
fn=_dl_next_tls_modid
50 2 1 1 0 0 0 0 0 0
53 6 0 0 4 0 0 0 0 0
101 4 0 0 0 0 0 2 0 0
105 4 1 1 2 0 0 0 0 0
fl=/build/eglibc-ripdx6/eglibc-2.19/elf/dl-version.c
fn=_dl_check_all_versions
380 6 1 1 0 0 0 4 0 0
382 2 0 0 0 0 0 0 0 0
384 25 0 0 7 0 0 0 0 0
385 7 0 0 0 0 0 0 0 0
386 70 1 1 7 0 0 7 0 0
389 7 0 0 5 0 0 0 0 0
fn=_dl_check_map_versions
56 131 1 1 18 0 0 0 0 0
57 34 0 0 34 0 0 0 0 0
58 224 0 0 0 0 0 43 0 0
174 77 1 1 0 0 0 56 0 0
175 2 0 0 0 0 0 0 0 0
183 2 0 0 0 0 0 0 0 0
189 21 1 1 7 0 0 0 0 0
191 14 0 0 7 1 0 7 0 0
193 14 0 0 7 0 0 7 0 0
194 14 0 0 7 0 0 7 0 0
196 14 0 0 0 0 0 0 0 0
199 20 1 1 15 0 0 5 0 0
203 30 0 0 10 5 5 0 0 0
220 27 0 0 27 0 0 0 0 0
228 27 0 0 9 0 0 0 0 0
233 63 1 1 18 4 4 0 0 0
237 325 1 1 193 6 5 42 0 0
244 84 0 0 21 0 0 0 0 0
247 72 0 0 21 0 0 0 0 0
252 12 0 0 0 0 0 0 0 0
256 36 1 1 18 0 0 0 0 0
261 4 0 0 4 0 0 0 0 0
262 4 0 0 0 0 0 0 0 0
270 21 1 1 7 0 0 0 0 0
273 15 0 0 10 0 0 0 0 0
276 300 0 0 75 11 11 0 0 0
279 225 0 0 75 5 5 0 0 0
283 70 0 0 0 0 0 0 0 0
287 14 1 1 0 0 0 0 0 0
292 6 0 0 0 0 0 6 1 0
293 24 1 1 0 0 0 6 0 0
294 12 0 0 0 0 0 0 0 0
302 6 0 0 0 0 0 6 0 0
305 18 0 0 12 1 0 6 0 0
307 18 0 0 6 0 0 0 0 0
310 20 1 1 15 0 0 0 0 0
314 27 0 0 9 0 0 0 0 0
317 63 0 0 21 0 0 0 0 0
319 63 0 0 0 0 0 0 0 0
321 105 0 0 21 0 0 21 0 0
322 63 0 0 0 0 0 21 9 9
323 63 1 1 21 0 0 21 2 2
324 63 0 0 21 0 0 21 2 2
327 63 0 0 21 0 0 0 0 0
332 12 0 0 0 0 0 0 0 0
335 27 0 0 9 0 0 0 0 0
340 4 0 0 0 0 0 0 0 0
341 4 0 0 0 0 0 0 0 0
345 18 0 0 6 0 0 0 0 0
348 20 1 1 15 0 0 0 0 0
352 75 0 0 75 0 0 0 0 0
354 150 0 0 75 0 0 0 0 0
358 70 0 0 70 0 0 0 0 0
359 350 0 0 70 0 0 70 18 18
360 210 0 0 70 0 0 70 0 0
361 70 0 0 0 0 0 70 8 8
364 225 0 0 75 0 0 0 0 0
368 70 0 0 0 0 0 0 0 0
373 13 0 0 0 0 0 0 0 0
374 56 1 1 49 0 0 0 0 0
fn=match_symbol
76 273 1 1 0 0 0 168 0 0
77 42 0 0 42 0 0 0 0 0
85 42 0 0 21 0 0 0 0 0
91 63 1 1 21 1 0 0 0 0
106 21 0 0 21 1 0 0 0 0
107 42 0 0 0 0 0 0 0 0
109 21 0 0 21 0 0 0 0 0
114 326 0 0 163 17 16 0 0 0
128 326 0 0 163 5 5 0 0 0
130 21 1 1 21 0 0 0 0 0
133 126 0 0 21 0 0 21 0 0
140 426 0 0 142 3 3 0 0 0
144 142 0 0 0 0 0 0 0 0
168 168 1 1 147 0 0 0 0 0
fl=/build/eglibc-ripdx6/eglibc-2.19/elf/do-rel.h
fn=_dl_relocate_object
47 28 0 0 14 0 0 0 0 0
48 14 0 0 14 0 0 0 0 0
50 6 0 0 0 0 0 0 0 0
51 6 0 0 0 0 0 6 1 0
58 42 1 1 14 0 0 0 0 0
61 2307 0 0 0 0 0 0 0 0
63 2283 1 1 761 284 284 0 0 0
65 61 0 0 0 0 0 0 0 0
74 12 0 0 0 0 0 0 0 0
75 83 1 1 16 0 0 0 0 0
76 38 0 0 19 0 0 0 0 0
83 16 0 0 8 0 0 8 0 0
84 8 1 1 8 0 0 0 0 0
86 16 0 0 0 0 0 0 0 0
98 24 0 0 0 0 0 0 0 0
108 15 1 1 1 1 1 0 0 0
111 5048 1 1 0 0 0 0 0 0
112 3354 0 0 1677 0 0 0 0 0
118 24 1 1 8 7 0 0 0 0
121 14 0 0 7 5 0 7 1 0
124 6731 1 1 2237 0 0 0 0 0
127 8924 1 1 2231 559 555 0 0 0
136 6693 0 0 4462 644 162 0 0 0
137 11368 1 1 2231 0 0 2231 0 0
138 3453 0 0 2231 1 0 0 0 0
139 4462 0 0 2231 0 0 0 0 0
143 12 0 0 0 0 0 0 0 0
160 23 2 2 5 0 0 4 0 0
162 20 0 0 5 2 2 0 0 0
170 25 0 0 5 0 0 5 0 0
171 10 1 1 10 0 0 0 0 0
174 5 1 1 2 0 0 0 0 0
fn=_dl_start
83 1 0 0 1 0 0 0 0 0
84 1 0 0 1 0 0 0 0 0
111 33 0 0 0 0 0 0 0 0
112 20 0 0 10 3 3 0 0 0
116 2 1 1 1 0 0 0 0 0
124 34 0 0 0 0 0 0 0 0
137 50 1 1 10 2 2 0 0 0
139 20 0 0 10 0 0 0 0 0
fl=/build/eglibc-ripdx6/eglibc-2.19/elf/get-dynamic-info.h
fn=_dl_map_object_from_fd
38 10 0 0 0 0 0 0 0 0
42 5 0 0 0 0 0 0 0 0
44 399 1 1 133 38 38 0 0 0
46 256 1 1 0 0 0 0 0 0
51 129 0 0 0 0 0 0 0 0
52 211 0 0 0 0 0 123 30 30
53 20 0 0 0 0 0 0 0 0
55 5 0 0 0 0 0 0 0 0
56 25 1 1 0 0 0 0 0 0
58 5 0 0 0 0 0 0 0 0
59 25 0 0 0 0 0 0 0 0
60 5 0 0 0 0 0 0 0 0
61 20 0 0 0 0 0 5 0 0
62 128 0 0 0 0 0 0 0 0
69 10 1 1 0 0 0 0 0 0
89 17 0 0 7 0 0 0 0 0
90 20 0 0 10 0 0 0 0 0
91 20 0 0 10 0 0 0 0 0
92 20 1 1 10 0 0 0 0 0
94 20 0 0 10 0 0 0 0 0
99 20 0 0 10 0 0 0 0 0
100 19 0 0 9 1 1 0 0 0
101 20 1 1 10 0 0 0 0 0
107 15 0 0 5 0 0 0 0 0
112 10 0 0 5 0 0 0 0 0
119 10 0 0 5 0 0 0 0 0
120 15 0 0 10 0 0 0 0 0
136 15 1 1 5 0 0 0 0 0
141 4 0 0 2 0 0 2 2 2
143 4 0 0 0 0 0 0 0 0
145 4 0 0 0 0 0 0 0 0
147 4 0 0 0 0 0 0 0 0
150 15 1 1 5 0 0 0 0 0
152 2 0 0 1 0 0 1 1 1
160 2 0 0 1 0 0 0 0 0
161 2 0 0 0 0 0 0 0 0
165 2 0 0 0 0 0 0 0 0
168 10 1 1 5 0 0 0 0 0
fn=_dl_start
44 57 1 1 19 6 6 0 0 0
46 36 0 0 0 0 0 0 0 0
47 26 0 0 0 0 0 13 3 3
51 21 0 0 0 0 0 0 0 0
52 18 2 2 0 0 0 4 2 2
53 4 1 1 0 0 0 0 0 0
55 1 0 0 0 0 0 0 0 0
56 5 1 1 0 0 0 0 0 0
58 2 0 0 0 0 0 0 0 0
59 5 1 1 0 0 0 0 0 0
60 1 0 0 0 0 0 0 0 0
61 5 0 0 0 0 0 1 1 1
62 18 0 0 0 0 0 0 0 0
69 2 0 0 0 0 0 0 0 0
89 4 0 0 2 0 0 0 0 0
90 4 0 0 2 0 0 0 0 0
91 4 1 1 2 0 0 0 0 0
92 4 0 0 2 0 0 0 0 0
94 4 0 0 2 0 0 0 0 0
99 4 0 0 2 0 0 0 0 0
100 4 1 1 2 0 0 0 0 0
101 4 0 0 2 0 0 0 0 0
107 3 0 0 1 0 0 0 0 0
112 2 0 0 1 0 0 0 0 0
119 3 0 0 1 0 0 0 0 0
120 3 1 1 2 0 0 0 0 0
128 3 0 0 1 0 0 0 0 0
130 3 0 0 1 1 1 0 0 0
133 2 1 1 1 0 0 0 0 0
134 2 0 0 1 0 0 0 0 0
fn=dl_main
29 1 0 0 1 0 0 0 0 0
38 2 0 0 0 0 0 0 0 0
42 1 0 0 0 0 0 0 0 0
44 75 0 0 25 7 7 0 0 0
46 48 0 0 0 0 0 0 0 0
51 17 1 1 0 0 0 0 0 0
52 34 0 0 0 0 0 23 5 5
53 4 0 0 0 0 0 0 0 0
55 1 0 0 0 0 0 0 0 0
56 5 1 1 0 0 0 0 0 0
58 1 0 0 0 0 0 0 0 0
59 5 0 0 0 0 0 0 0 0
60 1 0 0 0 0 0 0 0 0
61 4 1 1 0 0 0 1 0 0
62 24 0 0 0 0 0 0 0 0
69 3 0 0 1 0 0 0 0 0
107 3 1 1 1 0 0 0 0 0
112 2 0 0 1 0 0 0 0 0
119 2 1 1 1 0 0 0 0 0
120 3 0 0 2 0 0 0 0 0
136 3 0 0 1 0 0 0 0 0
150 3 1 1 1 0 0 0 0 0
168 2 1 1 1 0 0 0 0 0
fl=/build/eglibc-ripdx6/eglibc-2.19/elf/rtld.c
fn=_dl_initial_error_catch_tsd
813 22 1 1 11 0 0 0 0 0
fn=_dl_start
300 75 4 4 8 1 1 8 1 1
312 2 0 0 0 0 0 1 0 0
313 2 0 0 0 0 0 1 0 0
314 2 0 0 0 0 0 1 0 0
315 2 1 1 0 0 0 1 1 1
316 2 0 0 0 0 0 1 0 0
337 5 0 0 0 0 0 1 0 0
341 1 0 0 0 0 0 1 0 0
347 4 1 0 0 0 0 1 0 0
356 4 1 0 0 0 0 0 0 0
359 2 0 0 1 1 0 1 1 0
363 2 0 0 1 0 0 0 0 0
377 9 2 2 0 0 0 6 1 1
395 5 0 0 0 0 0 1 1 1
421 1 0 0 0 0 0 1 1 1
424 1 0 0 0 0 0 1 1 1
552 2 0 0 0 0 0 0 0 0
557 34 3 3 9 0 0 0 0 0
559 1 0 0 1 1 1 0 0 0
584 9 0 0 7 1 0 0 0 0
fn=dl_main
939 12 2 2 0 0 0 8 2 2
945 1 0 0 0 0 0 0 0 0
947 2 0 0 0 0 0 0 0 0
948 1 0 0 0 0 0 0 0 0
954 1 0 0 0 0 0 1 0 0
958 2 0 0 0 0 0 1 0 0
961 2 0 0 0 0 0 1 1 1
965 2 0 0 0 0 0 1 1 1
966 2 1 1 0 0 0 1 0 0
971 2 0 0 0 0 0 1 0 0
981 4 1 1 2 0 0 0 0 0
1180 8 1 1 0 0 0 1 0 0
1182 2 0 0 0 0 0 0 0 0
1183 1 0 0 0 0 0 1 1 1
1184 2 0 0 1 0 0 1 0 0
1185 3 1 1 2 0 0 1 0 0
1189 3 0 0 0 0 0 1 0 0
1190 2 0 0 1 0 0 0 0 0
1211 1 0 0 0 0 0 1 0 0
1212 1 1 1 0 0 0 1 0 0
1214 1 0 0 0 0 0 1 0 0
1216 1 0 0 1 0 0 0 0 0
1219 36 2 2 3 0 0 0 0 0
1220 71 2 2 9 5 5 0 0 0
1224 3 1 1 1 0 0 1 0 0
1225 1 0 0 0 0 0 0 0 0
1229 3 1 1 2 0 0 1 0 0
1230 1 0 0 0 0 0 0 0 0
1238 1 0 0 0 0 0 1 1 1
1239 2 0 0 2 1 1 0 0 0
1241 2 1 1 0 0 0 1 0 0
1248 3 1 1 1 0 0 0 0 0
1266 1 0 0 0 0 0 0 0 0
1274 4 0 0 2 0 0 0 0 0
1275 10 1 1 3 1 1 0 0 0
1276 4 0 0 2 0 0 0 0 0
1277 1 0 0 0 0 0 1 0 0
1280 4 0 0 2 1 1 0 0 0
1281 4 0 0 2 0 0 0 0 0
1282 2 0 0 0 0 0 2 0 0
1283 6 0 0 3 0 0 0 0 0
1284 2 0 0 0 0 0 1 0 0
1311 2 0 0 1 0 0 1 1 1
1312 1 0 0 0 0 0 0 0 0
1315 2 0 0 1 0 0 1 0 0
1316 2 0 0 1 0 0 1 0 0
1317 1 0 0 0 0 0 0 0 0
1322 3 0 0 1 1 1 0 0 0
1325 2 0 0 0 0 0 0 0 0
1327 2 0 0 0 0 0 0 0 0
1329 2 1 1 1 0 0 0 0 0
1342 3 0 0 1 0 0 0 0 0
1343 11 1 1 6 0 0 2 0 0
1348 1 0 0 0 0 0 1 0 0
1350 1 0 0 0 0 0 1 1 1
1351 1 0 0 0 0 0 1 0 0
1353 2 0 0 1 0 0 0 0 0
1354 2 0 0 0 0 0 1 0 0
1358 2 1 1 1 0 0 0 0 0
1360 2 0 0 0 0 0 0 0 0
1365 2 0 0 0 0 0 1 0 0
1368 4 0 0 0 0 0 1 0 0
1384 3 1 1 0 0 0 1 0 0
1390 9 2 2 1 0 0 2 0 0
1395 2 1 1 1 0 0 1 0 0
1398 4 1 1 1 0 0 2 0 0
1400 1 0 0 0 0 0 1 0 0
1405 2 0 0 1 0 0 0 0 0
1408 3 0 0 2 0 0 1 0 0
1409 4 0 0 1 0 0 1 0 0
1410 2 0 0 0 0 0 1 0 0
1411 1 0 0 0 0 0 1 0 0
1412 1 1 1 1 0 0 0 0 0
1413 1 0 0 1 0 0 0 0 0
1418 2 0 0 1 0 0 0 0 0
1419 5 1 1 1 0 0 1 0 0
1423 1 0 0 1 0 0 0 0 0
1425 4 0 0 1 0 0 0 0 0
1426 2 0 0 0 0 0 1 0 0
1427 4 0 0 1 1 1 1 0 0
1432 2 0 0 0 0 0 0 0 0
1433 6 1 1 1 1 1 0 0 0
1435 2 0 0 1 0 0 1 1 1
1436 2 0 0 1 0 0 1 0 0
1441 2 0 0 1 1 1 0 0 0
1446 3 1 1 1 0 0 0 0 0
1627 3 0 0 1 0 0 0 0 0
1630 2 0 0 1 0 0 1 0 0
1634 3 0 0 1 0 0 0 0 0
1639 2 1 1 1 0 0 1 0 0
1640 1 0 0 0 0 0 1 0 0
1645 3 0 0 1 0 0 0 0 0
1660 3 0 0 2 0 0 0 0 0
1664 3 1 1 1 0 0 0 0 0
1666 5 1 1 0 0 0 0 0 0
1667 3 0 0 0 0 0 2 0 0
1668 4 0 0 0 0 0 0 0 0
1670 3 1 1 1 0 0 0 0 0
1680 5 0 0 0 0 0 1 0 0
1757 4 1 1 2 0 0 0 0 0
1761 8 2 2 1 0 0 0 0 0
1762 1 0 0 0 0 0 0 0 0
1765 2 0 0 0 0 0 1 0 0
1766 1 0 0 1 0 0 0 0 0
1767 2 0 0 0 0 0 0 0 0
1768 2 2 2 1 0 0 0 0 0
1774 5 0 0 0 0 0 0 0 0
1775 8 0 0 1 0 0 1 0 0
1776 4 1 1 0 0 0 0 0 0
1778 2 0 0 1 0 0 0 0 0
1781 19 0 0 2 0 0 0 0 0
1782 28 0 0 14 0 0 0 0 0
1785 3 0 0 2 0 0 1 0 0
1786 3 1 1 1 0 0 0 0 0
1787 1 0 0 0 0 0 1 0 0
1789 20 1 1 0 0 0 0 0 0
1790 13 0 0 6 0 0 0 0 0
1800 1 0 0 0 0 0 1 0 0
1802 2 0 0 1 0 0 1 0 0
1803 2 0 0 1 0 0 0 0 0
1805 3 0 0 0 0 0 1 0 0
1807 4 1 1 1 0 0 0 0 0
1809 3 0 0 1 1 0 0 0 0
1810 1 0 0 1 0 0 0 0 0
1812 3 0 0 0 0 0 0 0 0
1823 2 0 0 0 0 0 0 0 0
1824 2 0 0 0 0 0 1 0 0
1825 3 1 1 1 0 0 0 0 0
1827 2 0 0 1 0 0 0 0 0
1828 2 0 0 0 0 0 1 0 0
1836 4 0 0 0 0 0 1 0 0
1837 1 0 0 0 0 0 1 1 0
1838 5 1 1 0 0 0 1 0 0
1848 2 0 0 1 0 0 1 0 0
1849 2 0 0 1 0 0 0 0 0
1850 2 0 0 0 0 0 2 0 0
1852 2 0 0 1 0 0 0 0 0
1855 1 1 1 0 0 0 1 0 0
1857 2 0 0 1 0 0 0 0 0
2087 3 0 0 1 0 0 0 0 0
2095 1 1 1 1 0 0 0 0 0
2143 2 1 1 0 0 0 1 0 0
2147 4 1 1 2 0 0 2 0 0
2151 2 0 0 1 0 0 1 0 0
2154 2 0 0 0 0 0 0 0 0
2162 2 0 0 0 0 0 0 0 0
2208 3 1 1 1 0 0 0 0 0
2215 1 0 0 1 0 0 0 0 0
2217 11 1 1 1 0 0 1 0 0
2219 19 1 1 1 1 0 0 0 0
2221 21 0 0 14 4 0 0 0 0
2226 14 0 0 14 3 0 0 0 0
2228 16 0 0 0 0 0 0 0 0
2230 1 1 1 0 0 0 1 0 0
2231 1 0 0 1 0 0 0 0 0
2234 7 0 0 7 0 0 0 0 0
2236 21 0 0 0 0 0 0 0 0
2237 48 0 0 12 6 0 6 0 0
2241 25 0 0 9 3 0 0 0 0
2242 6 0 0 0 0 0 2 0 0
2244 4 0 0 0 0 0 0 0 0
2246 2 0 0 0 0 0 1 0 0
2252 2 0 0 1 0 0 0 0 0
2257 4 1 1 2 0 0 0 0 0
2258 1 0 0 1 0 0 0 0 0
2263 2 0 0 1 1 0 1 0 0
2267 2 0 0 1 0 0 0 0 0
2281 3 1 1 2 1 0 0 0 0
2283 4 2 2 1 0 0 0 0 0
2298 5 0 0 0 0 0 0 0 0
2300 1 0 0 1 0 0 0 0 0
2301 5 0 0 1 0 0 1 0 0
2302 4 0 0 0 0 0 0 0 0
2304 3 1 1 1 0 0 0 0 0
2312 1 0 0 0 0 0 1 0 0
2316 3 0 0 1 0 0 0 0 0
2336 3 0 0 0 0 0 1 0 0
2337 1 0 0 0 0 0 1 0 0
2338 1 0 0 0 0 0 1 0 0
2343 1 0 0 0 0 0 1 0 0
2348 8 0 0 7 2 0 0 0 0
2518 2 0 0 1 0 0 1 0 0
2520 1 0 0 0 0 0 0 0 0
2521 1 0 0 0 0 0 0 0 0
2525 13 1 1 1 0 0 4 1 1
2527 15 0 0 3 0 0 3 1 1
2531 105 1 1 21 0 0 0 0 0
2532 19 0 0 0 0 0 0 0 0
2534 4 0 0 0 0 0 0 0 0
2540 16 0 0 2 1 1 0 0 0
2563 6 1 1 0 0 0 1 0 0
2570 6 1 1 0 0 0 1 0 0
2572 3 0 0 0 0 0 1 0 0
2617 3 1 1 1 0 0 0 0 0
2618 6 1 1 0 0 0 1 0 0
2620 3 2 2 0 0 0 1 0 0
2692 3 1 1 1 0 0 0 0 0
2725 3 1 1 1 0 0 0 0 0
fn=handle_ld_preload
109 3 0 0 1 0 0 0 0 0
821 1 0 0 0 0 0 1 0 0
825 1 0 0 0 0 0 1 0 0
826 2 0 0 1 0 0 1 0 0
827 1 0 0 0 0 0 1 0 0
829 1 0 0 1 0 0 0 0 0
831 13 2 2 3 0 0 4 0 0
832 3 0 0 1 0 0 0 0 0
840 3 0 0 1 0 0 0 0 0
906 9 1 1 0 0 0 7 1 1
907 1 0 0 0 0 0 0 0 0
911 6 0 0 2 0 0 0 0 0
915 3 0 0 0 0 0 0 0 0
917 6 2 2 0 0 0 1 1 1
918 3 0 0 0 0 0 1 0 0
925 4 1 1 0 0 0 0 0 0
928 2 0 0 1 0 0 0 0 0
929 1 0 0 0 0 0 0 0 0
932 9 0 0 7 0 0 0 0 0
fn=init_tls
732 1 0 0 0 0 0 1 0 0
734 2 0 0 1 0 0 1 0 0
738 2 0 0 1 0 0 0 0 0
739 1 1 1 0 0 0 0 0 0
744 2 0 0 0 0 0 1 0 0
747 1 0 0 0 0 0 1 0 0
748 4 1 1 0 0 0 1 0 0
753 1 0 0 0 0 0 0 0 0
755 1 0 0 0 0 0 1 0 0
759 2 0 0 1 1 1 0 0 0
760 1 0 0 0 0 0 0 0 0
761 17 1 1 1 0 0 0 0 0
762 14 0 0 7 0 0 0 0 0
763 14 0 0 7 3 0 0 0 0
767 6 0 0 0 0 0 2 0 0
769 2 0 0 0 0 0 0 0 0
771 3 1 1 0 0 0 0 0 0
774 1 0 0 0 0 0 1 0 0
781 2 0 0 0 0 0 1 0 0
782 2 0 0 0 0 0 0 0 0
788 2 1 1 1 0 0 1 0 0
796 7 0 0 0 0 0 2 0 0
800 1 1 1 0 0 0 1 0 0
802 1 0 0 0 0 0 0 0 0
803 2 0 0 2 0 0 0 0 0
fn=map_doit
640 2 1 1 0 0 0 1 0 0
642 8 0 0 3 0 0 2 0 0
644 2 0 0 2 0 0 0 0 0
fn=rtld_lock_default_lock_recursive
853 114 2 1 114 3 2 0 0 0
fn=rtld_lock_default_unlock_recursive
859 114 0 0 114 0 0 0 0 0
fn=security_init
866 2 0 0 0 0 0 1 0 0
868 1 0 0 1 0 0 0 0 0
870 1 0 0 0 0 0 1 0 0
877 1 0 0 1 0 0 0 0 0
879 1 0 0 0 0 0 1 0 0
881 1 0 0 0 0 0 1 0 0
886 1 0 0 0 0 0 1 0 0
887 3 0 0 2 0 0 0 0 0
fn=version_check_doit
672 2 1 1 0 0 0 1 0 0
674 6 0 0 2 0 0 1 0 0
678 2 0 0 2 0 0 0 0 0
fl=/build/eglibc-ripdx6/eglibc-2.19/elf/setup-vdso.h
fn=dl_main
24 2 1 1 1 0 0 0 0 0
fl=/build/eglibc-ripdx6/eglibc-2.19/iconv/gconv_simple.c
fn=__gconv_btwoc_ascii
52 512 1 1 0 0 0 0 0 0
55 128 0 0 128 0 0 0 0 0
fl=/build/eglibc-ripdx6/eglibc-2.19/io/../sysdeps/unix/syscall-template.S
fn=__read_nocancel
81 20 0 0 4 0 0 0 0 0
fn=__write_nocancel
81 1335 1 1 267 0 0 0 0 0
fn=access
81 24 1 1 0 0 0 0 0 0
83 30 0 0 6 0 0 6 1 1
fn=close
81 24 0 0 0 0 0 0 0 0
82 6 0 0 6 0 0 0 0 0
fn=open
81 144 1 1 0 0 0 0 0 0
82 6 0 0 6 0 0 0 0 0
83 150 0 0 30 0 0 30 0 0
fn=read
81 28 2 2 4 0 0 0 0 0
82 5 0 0 5 0 0 0 0 0
fn=write
81 534 1 1 267 0 0 0 0 0
fl=/build/eglibc-ripdx6/eglibc-2.19/io/../sysdeps/unix/sysv/linux/wordsize-64/fxstat.c
fn=_fxstat
33 8 0 0 0 0 0 0 0 0
34 16 2 2 0 0 0 0 0 0
35 48 2 2 0 0 0 0 0 0
39 8 0 0 8 0 0 0 0 0
fl=/build/eglibc-ripdx6/eglibc-2.19/io/../sysdeps/unix/sysv/linux/wordsize-64/xstat.c
fn=_xstat
33 8 0 0 0 0 0 0 0 0
34 16 1 1 0 0 0 0 0 0
35 72 0 0 6 0 0 6 0 0
39 2 0 0 2 0 0 0 0 0
fl=/build/eglibc-ripdx6/eglibc-2.19/libio/../sysdeps/unix/sysv/linux/sys/sysmacros.h
fn=_IO_file_doallocate
41 12 0 0 0 0 0 0 0 0
fl=/build/eglibc-ripdx6/eglibc-2.19/libio/filedoalloc.c
fn=_IO_file_doallocate
96 10 1 1 0 0 0 6 0 0
111 16 1 1 6 1 0 2 0 0
113 8 0 0 2 0 0 0 0 0
116 4 0 0 0 0 0 0 0 0
118 4 2 2 2 0 0 0 0 0
121 2 0 0 2 0 0 0 0 0
124 12 1 1 2 0 0 0 0 0
128 16 0 0 0 0 0 2 0 0
129 10 0 0 0 0 0 2 0 0
130 2 0 0 0 0 0 0 0 0
131 10 0 0 8 0 0 0 0 0
fl=/build/eglibc-ripdx6/eglibc-2.19/libio/fileops.c
fn=_IO_do_write@@GLIBC_2.2.5
509 1632 1 1 0 0 0 1088 0 0
511 1884 1 1 0 0 0 0 0 0
512 1632 0 0 1360 0 0 0 0 0
523 1068 0 0 267 0 0 0 0 0
530 1068 0 0 534 0 0 0 0 0
538 1602 1 1 534 1 0 267 0 0
539 801 0 0 267 0 0 0 0 0
541 1068 0 0 267 0 0 801 0 0
542 534 0 0 0 0 0 534 0 0
543 267 0 0 0 0 0 267 0 0
544 534 1 1 267 0 0 0 0 0
545 801 1 1 267 0 0 0 0 0
fn=_IO_file_overflow@@GLIBC_2.2.5
824 3280 1 1 0 0 0 2460 0 0
825 2460 0 0 820 0 0 0 0 0
832 5736 0 0 1638 0 0 0 0 0
835 2 1 1 1 0 0 0 0 0
837 2 1 1 0 0 0 1 0 0
838 6 0 0 2 0 0 3 0 0
847 2 0 0 0 0 0 0 0 0
856 4 0 0 2 0 0 0 0 0
858 1 0 0 0 0 0 1 0 0
859 2 0 0 0 0 0 1 0 0
860 1 0 0 0 0 0 1 0 0
861 2 1 1 0 0 0 2 0 0
863 3 0 0 0 0 0 1 0 0
864 5 0 0 1 0 0 0 0 0
865 2 0 0 0 0 0 1 0 0
867 1640 1 1 0 0 0 0 0 0
868 138 1 1 0 0 0 0 0 0
869 69 0 0 0 0 0 0 0 0
870 1502 0 0 751 0 0 0 0 0
873 2253 0 0 0 0 0 1502 1 0
874 2253 0 0 751 0 0 0 0 0
875 3004 0 0 0 0 0 0 0 0
876 804 1 1 0 0 0 201 0 0
877 603 0 0 402 0 0 0 0 0
879 751 0 0 0 0 0 0 0 0
880 3211 0 0 3211 0 0 0 0 0
fn=_IO_file_read
1204 16 1 1 8 0 0 0 0 0
fn=_IO_file_setbuf@@GLIBC_2.2.5
461 2 1 1 0 0 0 1 0 0
462 3 0 0 0 0 0 1 0 0
465 2 0 0 0 0 0 2 0 0
466 2 0 0 1 0 0 1 0 0
467 3 1 1 0 0 0 3 0 0
469 1 0 0 0 0 0 0 0 0
470 2 0 0 2 0 0 0 0 0
fn=_IO_file_stat
1222 2 1 1 0 0 0 0 0 0
1223 6 0 0 2 0 0 0 0 0
fn=_IO_file_sync@@GLIBC_2.2.5
886 424 1 1 0 0 0 212 0 0
891 848 0 0 424 0 0 0 0 0
892 20 2 2 2 0 0 2 0 0
893 212 0 0 212 0 0 0 0 0
894 424 0 0 212 0 0 0 0 0
911 424 0 0 0 0 0 212 0 0
915 424 0 0 424 0 0 0 0 0
fn=_IO_file_underflow@@GLIBC_2.2.5
552 16 1 1 0 0 0 8 0 0
560 12 0 0 4 0 0 0 0 0
566 12 0 0 8 0 0 0 0 0
569 8 0 0 4 0 0 0 0 0
572 3 1 1 1 0 0 0 0 0
577 4 0 0 1 0 0 1 0 0
582 8 0 0 0 0 0 0 0 0
592 84 2 2 48 1 0 4 0 0
594 12 0 0 0 0 0 0 0 0
596 16 1 1 8 0 0 4 0 0
602 8 0 0 0 0 0 4 0 0
608 12 1 1 4 0 0 8 0 0
609 4 0 0 0 0 0 4 0 0
610 8 0 0 0 0 0 8 0 0
611 4 0 0 0 0 0 4 0 0
613 20 0 0 12 0 0 4 0 0
615 8 0 0 0 0 0 0 0 0
622 4 1 1 4 0 0 0 0 0
625 12 0 0 4 0 0 0 0 0
627 8 0 0 8 1 1 0 0 0
628 16 0 0 12 0 0 0 0 0
fn=_IO_file_write@@GLIBC_2.2.5
1254 1869 0 0 0 0 0 1068 0 0
1256 1869 0 0 0 0 0 0 0 0
1260 801 0 0 267 0 0 0 0 0
1261 801 1 1 267 0 0 267 0 0
1262 534 0 0 0 0 0 0 0 0
1267 267 0 0 0 0 0 0 0 0
1268 267 0 0 0 0 0 0 0 0
1271 801 0 0 267 0 0 0 0 0
1274 2403 1 1 1335 0 0 0 0 0
fn=_IO_file_xsputn@@GLIBC_2.2.5
1281 160024 1 1 0 0 0 120018 0 0
1287 40006 0 0 0 0 0 0 0 0
1288 20003 0 0 0 0 0 0 0 0
1294 120018 0 0 20003 0 0 0 0 0
1296 60006 1 1 40004 1 0 0 0 0
1297 40132 1 1 0 0 0 0 0 0
1300 314892 0 0 0 0 0 0 0 0
1302 322803 0 0 107601 0 0 0 0 0
1311 6 1 1 2 0 0 0 0 0
1315 20193 0 0 0 0 0 0 0 0
1320 100005 0 0 0 0 0 40002 1 0
1325 20001 0 0 0 0 0 0 0 0
1326 60003 0 0 0 0 0 0 0 0
1328 60009 0 0 0 0 0 0 0 0
1332 390 0 0 130 1 0 65 0 0
1338 130 1 1 130 0 0 0 0 0
1339 390 0 0 0 0 0 0 0 0
1341 195 0 0 0 0 0 0 0 0
1352 130 0 0 0 0 0 0 0 0
1353 390 0 0 0 0 0 65 0 0
1355 40006 1 1 0 0 0 0 0 0
1356 160024 0 0 140021 0 0 0 0 0
fl=/build/eglibc-ripdx6/eglibc-2.19/libio/genops.c
fn=_IO_cleanup
950 13 0 0 4 0 0 0 0 0
952 9 0 0 3 0 0 0 0 0
953 4 0 0 0 0 0 0 0 0
954 2 0 0 0 0 0 0 0 0
956 4 1 1 1 0 0 0 0 0
962 17 1 1 7 0 0 2 0 0
970 5 0 0 2 0 0 0 0 0
972 2 1 1 0 0 0 1 0 0
974 2 0 0 1 0 0 1 0 0
975 1 0 0 0 0 0 1 0 0
976 2 0 0 1 0 0 1 0 0
977 4 0 0 1 0 0 1 0 0
980 5 0 0 2 0 0 1 0 0
983 5 1 1 1 0 0 0 0 0
984 8 1 1 3 0 0 1 0 0
990 3 1 1 0 0 0 3 0 0
1010 5 2 2 0 0 0 4 0 0
1013 3 0 0 0 0 0 1 0 0
1025 7 0 0 5 0 0 0 0 0
fn=_IO_default_setbuf
400 5 0 0 1 0 0 0 0 0
402 1 0 0 0 0 0 1 0 0
403 1 0 0 0 0 0 1 0 0
407 2 0 0 0 0 0 1 0 0
557 6 1 1 0 0 0 3 0 0
558 4 0 0 2 0 0 1 0 0
560 2 0 0 0 0 0 0 0 0
562 2 0 0 0 0 0 1 0 0
563 2 1 1 0 0 0 0 0 0
567 2 0 0 1 0 0 0 0 0
570 3 0 0 0 0 0 3 0 0
571 3 1 1 0 0 0 3 0 0
572 1 0 0 0 0 0 0 0 0
573 4 0 0 4 0 0 0 0 0
fn=_IO_default_uflow
434 8 1 1 0 0 0 4 0 0
435 8 0 0 8 0 0 4 0 0
436 8 0 0 0 0 0 0 0 0
438 16 0 0 8 0 0 4 0 0
439 8 0 0 8 0 0 0 0 0
fn=_IO_default_xsputn
447 390 1 1 0 0 0 325 0 0
450 390 1 1 0 0 0 0 0 0
451 65 0 0 0 0 0 0 0 0
455 2460 1 1 1230 0 0 0 0 0
480 5630 0 0 1650 0 0 550 0 0
482 550 0 0 0 0 0 0 0 0
484 130 1 1 0 0 0 0 0 0
485 390 0 0 390 0 0 0 0 0
fn=_IO_doallocbuf
414 8 1 1 0 0 0 6 0 0
415 4 0 0 2 0 0 0 0 0
417 6 0 0 2 0 0 0 0 0
418 10 0 0 4 1 0 2 0 0
421 8 0 0 8 0 0 0 0 0
fn=_IO_flush_all_lockp
822 8 1 1 0 0 0 6 0 0
823 1 0 0 0 0 0 0 0 0
828 3 0 0 0 0 0 0 0 0
833 1 0 0 1 1 1 0 0 0
834 1 1 1 1 1 0 0 0 0
835 8 1 1 0 0 0 0 0 0
837 3 0 0 0 0 0 3 0 0
838 6 0 0 0 0 0 0 0 0
839 2 0 0 1 0 0 0 0 0
841 21 3 3 9 2 0 0 0 0
851 6 0 0 0 0 0 0 0 0
853 3 0 0 0 0 0 3 0 0
855 9 1 1 3 0 0 0 0 0
862 3 0 0 3 2 0 0 0 0
866 2 0 0 0 0 0 0 0 0
868 2 0 0 0 0 0 0 0 0
872 9 0 0 7 0 0 0 0 0
fn=_IO_setb
399 10 1 1 0 0 0 4 0 0
400 8 0 0 4 0 0 0 0 0
402 2 0 0 0 0 0 2 0 0
403 2 0 0 0 0 0 2 0 0
405 12 1 1 0 0 0 2 0 0
408 8 0 0 6 0 0 0 0 0
fn=_IO_sputbackc
726 46 1 1 0 0 0 23 0 0
729 69 0 0 46 0 0 0 0 0
730 46 0 0 23 0 0 0 0 0
732 69 1 1 0 0 0 23 0 0
733 23 0 0 0 0 0 0 0 0
739 23 0 0 23 0 0 0 0 0
742 46 0 0 46 0 0 0 0 0
fn=_IO_switch_to_get_mode
182 8 1 1 0 0 0 4 0 0
183 12 0 0 8 0 0 0 0 0
186 12 0 0 4 0 0 0 0 0
190 8 0 0 4 0 0 4 0 0
191 8 0 0 4 0 0 0 0 0
194 4 0 0 0 0 0 4 0 0
196 8 0 0 0 0 0 8 0 0
198 8 0 0 0 0 0 4 0 0
199 4 0 0 0 0 0 0 0 0
200 8 0 0 8 0 0 0 0 0
fn=__overflow
241 603 1 1 201 0 0 0 0 0
243 603 1 1 402 1 0 0 0 0
fn=__uflow
363 8 1 1 0 0 0 4 0 0
365 19 1 1 4 1 0 1 0 0
371 20 0 0 12 0 0 0 0 0
374 8 0 0 0 0 0 0 0 0
376 8 0 0 0 0 0 0 0 0
382 8 0 0 4 1 1 0 0 0
387 12 1 1 4 0 0 0 0 0
389 16 1 1 8 0 0 0 0 0
390 4 0 0 4 0 0 0 0 0
fl=/build/eglibc-ripdx6/eglibc-2.19/libio/getc.c
fn=getc
35 76 1 1 0 0 0 38 0 0
38 608 1 1 342 2 1 38 0 0
39 232 2 2 110 0 0 38 0 0
42 114 0 0 76 0 0 0 0 0
fl=/build/eglibc-ripdx6/eglibc-2.19/libio/iofflush.c
fn=fflush
33 422 0 0 0 0 0 211 0 0
34 422 1 1 0 0 0 0 0 0
40 3376 2 2 1899 2 1 211 0 0
41 1477 0 0 422 1 0 211 0 0
45 633 0 0 422 0 0 0 0 0
fl=/build/eglibc-ripdx6/eglibc-2.19/libio/iofwrite.c
fn=fwrite
35 140021 2 2 0 0 0 80012 0 0
36 40006 0 0 0 0 0 0 0 0
39 40006 0 0 0 0 0 0 0 0
41 360054 1 1 180027 9 2 20003 0 0
42 100014 1 1 20003 2 0 1 0 0
43 180027 0 0 40006 2 0 20003 1 0
49 40006 0 0 0 0 0 0 0 0
50 20003 0 0 0 0 0 0 0 0
53 120018 0 0 100015 0 0 0 0 0
fl=/build/eglibc-ripdx6/eglibc-2.19/libio/ioungetc.c
fn=ungetc
33 46 0 0 0 0 0 23 0 0
36 46 1 1 0 0 0 0 0 0
38 391 2 2 207 0 0 23 0 0
39 69 0 0 0 0 0 23 0 0
41 23 0 0 0 0 0 0 0 0
42 69 0 0 46 0 0 0 0 0
fl=/build/eglibc-ripdx6/eglibc-2.19/libio/libioP.h
fn=_IO_file_underflow@@GLIBC_2.2.5
904 8 1 1 4 0 0 0 0 0
905 36 0 0 16 0 0 4 0 0
fn=fflush
904 422 0 0 211 0 0 0 0 0
905 1899 1 1 844 0 0 211 0 0
fn=fwrite
904 40006 1 1 20003 0 0 0 0 0
905 180027 1 1 80012 0 0 20003 0 0
fn=getc
904 76 0 0 38 0 0 0 0 0
905 304 0 0 152 0 0 38 0 0
fn=putc
904 402 0 0 201 0 0 0 0 0
905 1608 0 0 804 0 0 201 0 0
fn=ungetc
904 46 0 0 23 0 0 0 0 0
905 184 1 1 92 0 0 23 0 0
fl=/build/eglibc-ripdx6/eglibc-2.19/libio/putc.c
fn=putc
27 603 1 1 0 0 0 201 0 0
30 3216 2 2 1809 0 0 201 0 0
31 1608 1 1 402 0 0 201 0 0
34 603 0 0 402 0 0 0 0 0
fl=/build/eglibc-ripdx6/eglibc-2.19/locale/newlocale.c
fn=newlocale
44 12 2 2 0 0 0 8 0 0
56 2 0 0 0 0 0 0 0 0
57 2 1 1 0 0 0 1 0 0
64 2 0 0 0 0 0 0 0 0
67 4 1 1 1 0 0 0 0 0
73 2 0 0 1 0 0 0 0 0
74 7 2 2 3 0 0 0 0 0
76 1 1 1 0 0 0 0 0 0
279 8 0 0 7 0 0 0 0 0
fl=/build/eglibc-ripdx6/eglibc-2.19/locale/uselocale.c
fn=uselocale
31 4 1 1 4 0 0 0 0 0
33 6 0 0 0 0 0 0 0 0
36 4 0 0 0 0 0 0 0 0
37 2 0 0 0 0 0 2 0 0
65 6 0 0 4 2 0 2 1 0
66 6 1 1 4 0 0 2 0 0
68 6 0 0 4 1 0 2 0 0
72 6 0 0 0 0 0 0 0 0
73 2 0 0 2 0 0 0 0 0
fl=/build/eglibc-ripdx6/eglibc-2.19/math/../sysdeps/x86_64/fpu/multiarch/e_asin.c
fn=__acos_finite
10 7 1 1 2 0 0 1 0 0
fn=__asin_finite
14 7 1 1 2 0 0 1 0 0
fl=/build/eglibc-ripdx6/eglibc-2.19/math/../sysdeps/x86_64/fpu/multiarch/e_atan2.c
fn=__atan2_finite
15 1 1 1 0 0 0 0 0 0
fl=/build/eglibc-ripdx6/eglibc-2.19/math/../sysdeps/x86_64/fpu/multiarch/e_exp.c
fn=__exp_finite
15 10 2 2 2 0 0 1 0 0
fl=/build/eglibc-ripdx6/eglibc-2.19/math/../sysdeps/x86_64/fpu/multiarch/e_log.c
fn=__log_finite
15 1 1 1 0 0 0 0 0 0
fl=/build/eglibc-ripdx6/eglibc-2.19/math/../sysdeps/x86_64/fpu/multiarch/e_pow.c
fn=__pow_finite
8 7 1 1 2 0 0 1 0 0
fl=/build/eglibc-ripdx6/eglibc-2.19/math/../sysdeps/x86_64/fpu/multiarch/s_ceil.S
fn=ceil
25 1 1 1 0 0 0 1 0 0
26 1 0 0 0 0 0 0 0 0
27 1 0 0 0 0 0 0 0 0
28 1 0 0 1 0 0 0 0 0
29 1 0 0 0 0 0 0 0 0
31 1 0 0 1 0 0 0 0 0
fl=/build/eglibc-ripdx6/eglibc-2.19/math/../sysdeps/x86_64/fpu/multiarch/s_ceilf.S
fn=ceilf
25 1 1 1 0 0 0 1 0 0
26 1 0 0 0 0 0 0 0 0
27 1 0 0 0 0 0 0 0 0
28 1 0 0 1 0 0 0 0 0
29 1 0 0 0 0 0 0 0 0
31 1 0 0 1 0 0 0 0 0
fl=/build/eglibc-ripdx6/eglibc-2.19/math/../sysdeps/x86_64/fpu/multiarch/s_floor.S
fn=floor
25 1 1 1 0 0 0 1 0 0
26 1 0 0 0 0 0 0 0 0
27 1 0 0 0 0 0 0 0 0
28 1 0 0 1 0 0 0 0 0
29 1 0 0 0 0 0 0 0 0
31 1 0 0 1 0 0 0 0 0
fl=/build/eglibc-ripdx6/eglibc-2.19/math/../sysdeps/x86_64/fpu/multiarch/s_floorf.S
fn=floorf
25 1 1 1 0 0 0 1 0 0
26 1 0 0 0 0 0 0 0 0
27 1 0 0 0 0 0 0 0 0
28 1 1 1 1 0 0 0 0 0
29 1 0 0 0 0 0 0 0 0
31 1 0 0 1 0 0 0 0 0
fl=/build/eglibc-ripdx6/eglibc-2.19/math/../sysdeps/x86_64/fpu/multiarch/s_rint.S
fn=rint
25 1 1 1 0 0 0 1 0 0
26 1 0 0 0 0 0 0 0 0
27 1 0 0 0 0 0 0 0 0
28 1 0 0 1 0 0 0 0 0
29 1 0 0 0 0 0 0 0 0
31 1 0 0 1 0 0 0 0 0
fl=/build/eglibc-ripdx6/eglibc-2.19/math/../sysdeps/x86_64/fpu/multiarch/s_rintf.S
fn=rintf
25 1 1 1 0 0 0 1 0 0
26 1 0 0 0 0 0 0 0 0
27 1 0 0 0 0 0 0 0 0
28 1 0 0 1 0 0 0 0 0
29 1 0 0 0 0 0 0 0 0
31 1 0 0 1 0 0 0 0 0
fl=/build/eglibc-ripdx6/eglibc-2.19/math/../sysdeps/x86_64/fpu/multiarch/s_sin.c
fn=cos
20 10 2 2 2 0 0 1 0 0
fn=sin
24 1 0 0 0 0 0 0 0 0
fl=/build/eglibc-ripdx6/eglibc-2.19/misc/../sysdeps/unix/syscall-template.S
fn=mmap
81 95 4 4 0 0 0 0 0 0
82 19 0 0 19 0 0 0 0 0
fn=mprotect
81 44 1 1 0 0 0 0 0 0
82 11 0 0 11 0 0 0 0 0
fn=munmap
81 4 0 0 0 0 0 0 0 0
82 1 0 0 1 0 0 0 0 0
fl=/build/eglibc-ripdx6/eglibc-2.19/misc/init-misc.c
fn=__init_misc
30 4 1 1 0 0 0 2 0 0
31 5 0 0 1 0 0 0 0 0
33 3 0 0 0 0 0 1 0 0
37 5 0 0 1 1 0 1 1 0
38 3 1 1 2 0 0 1 0 0
40 4 0 0 3 0 0 0 0 0
fl=/build/eglibc-ripdx6/eglibc-2.19/nptl/../nptl/sysdeps/unix/sysv/linux/unregister-atfork.c
fn=__unregister_atfork
28 8 0 0 0 0 0 4 0 0
36 4 1 1 4 1 1 0 0 0
39 8 0 0 0 0 0 0 0 0
121 8 0 0 8 0 0 0 0 0
fl=/build/eglibc-ripdx6/eglibc-2.19/posix/../sysdeps/unix/syscall-template.S
fn=uname
81 4 1 1 0 0 0 0 0 0
82 1 0 0 1 0 0 0 0 0
fl=/build/eglibc-ripdx6/eglibc-2.19/posix/../sysdeps/unix/sysv/linux/_exit.c
fn=_Exit
28 2 1 1 1 1 0 0 0 0
32 4 1 1 0 0 0 0 0 0
34 2 0 0 0 0 0 0 0 0
fl=/build/eglibc-ripdx6/eglibc-2.19/setjmp/../sysdeps/x86_64/bsd-_setjmp.S
fn=_setjmp
30 1 1 1 0 0 0 0 0 0
32 1 0 0 0 0 0 0 0 0
fl=/build/eglibc-ripdx6/eglibc-2.19/setjmp/../sysdeps/x86_64/setjmp.S
fn=__sigsetjmp
26 11 2 2 0 0 0 11 1 0
35 11 0 0 0 0 0 0 0 0
36 22 1 1 11 0 0 0 0 0
37 11 0 0 0 0 0 11 0 0
41 11 0 0 0 0 0 11 0 0
42 11 0 0 0 0 0 11 1 1
43 11 0 0 0 0 0 11 0 0
44 11 0 0 0 0 0 11 0 0
45 11 0 0 0 0 0 0 0 0
47 22 1 1 11 0 0 0 0 0
49 11 0 0 0 0 0 11 0 0
50 11 0 0 11 0 0 0 0 0
53 22 0 0 11 0 0 0 0 0
55 11 1 1 0 0 0 11 0 0
59 10 0 0 0 0 0 0 0 0
60 10 0 0 10 0 0 0 0 0
64 1 0 0 0 0 0 0 0 0
fl=/build/eglibc-ripdx6/eglibc-2.19/setjmp/sigjmp.c
fn=__sigjmp_save
28 2 0 0 0 0 0 1 0 0
29 4 0 0 0 0 0 1 1 0
34 3 0 0 2 0 0 0 0 0
fl=/build/eglibc-ripdx6/eglibc-2.19/stdlib/cxa_atexit.c
fn=__cxa_atexit
35 10 0 0 0 0 0 5 0 0
37 10 0 0 0 0 0 0 0 0
41 15 1 1 5 0 0 0 0 0
43 5 0 0 0 0 0 5 0 0
44 5 0 0 0 0 0 5 2 0
45 5 0 0 0 0 0 5 0 0
47 5 0 0 0 0 0 5 0 0
48 5 0 0 0 0 0 0 0 0
57 30 1 1 0 0 0 15 0 0
59 20 0 0 20 0 0 0 0 0
fn=__new_exitfn
73 20 2 1 0 0 0 10 0 0
74 10 0 0 0 0 0 0 0 0
79 30 1 1 10 4 2 0 0 0
81 24 1 1 6 2 0 0 0 0
83 23 1 0 5 2 0 0 0 0
84 20 0 0 4 1 0 0 0 0
91 1 0 0 0 0 0 1 0 0
94 8 0 0 0 0 0 0 0 0
112 1 1 1 0 0 0 0 0 0
113 2 0 0 0 0 0 1 0 0
119 12 0 0 0 0 0 0 0 0
120 8 0 0 0 0 0 4 0 0
126 5 1 1 0 0 0 5 1 0
127 5 0 0 5 2 1 0 0 0
130 20 1 0 10 0 0 0 0 0
133 25 0 0 15 0 0 0 0 0
fl=/build/eglibc-ripdx6/eglibc-2.19/stdlib/cxa_finalize.c
fn=__cxa_finalize
31 32 1 1 0 0 0 24 0 0
35 28 2 2 8 0 0 0 0 0
39 68 0 0 4 0 0 0 0 0
44 24 0 0 12 0 0 0 0 0
46 9 1 1 3 0 0 0 0 0
47 3 0 0 3 0 0 0 0 0
48 16 0 0 6 0 0 0 0 0
51 3 0 0 3 1 0 0 0 0
54 6 0 0 3 0 0 0 0 0
56 6 0 0 0 0 0 3 0 0
60 6 0 0 3 0 0 0 0 0
67 28 0 0 8 0 0 0 0 0
71 24 1 1 4 1 0 0 0 0
79 8 0 0 0 0 0 0 0 0
80 8 0 0 0 0 0 0 0 0
82 28 1 1 24 0 0 0 0 0
fl=/build/eglibc-ripdx6/eglibc-2.19/stdlib/cxa_thread_atexit_impl.c
fn=__call_tls_dtors
82 3 1 1 0 0 0 3 0 0
83 5 1 1 1 1 0 1 0 0
101 4 1 1 4 0 0 0 0 0
fl=/build/eglibc-ripdx6/eglibc-2.19/stdlib/exit.c
fn=__run_exit_handlers
35 8 1 1 0 0 0 4 0 0
40 2 0 0 1 1 0 1 0 0
46 11 0 0 3 1 0 0 0 0
50 15 1 1 0 0 0 0 0 0
52 5 0 0 0 0 0 5 0 0
53 5 0 0 0 0 0 0 0 0
54 34 0 0 5 2 0 0 0 0
78 2 1 1 2 0 0 0 0 0
80 4 0 0 2 0 0 0 0 0
82 6 0 0 2 0 0 2 0 0
83 2 0 0 0 0 0 0 0 0
87 2 0 0 1 0 0 1 0 0
88 2 0 0 0 0 0 0 0 0
94 2 1 1 0 0 0 0 0 0
95 8 0 0 1 1 0 1 0 0
97 2 0 0 0 0 0 1 0 0
fn=exit
103 1 0 0 0 0 0 0 0 0
104 3 1 1 0 0 0 1 0 0
fl=/build/eglibc-ripdx6/eglibc-2.19/string/../bits/stdlib-bsearch.h
fn=intel_check_word
27 8 1 1 0 0 0 0 0 0
28 16 0 0 0 0 0 0 0 0
29 110 0 0 0 0 0 0 0 0
31 154 0 0 0 0 0 0 0 0
32 54 0 0 0 0 0 0 0 0
37 8 0 0 0 0 0 0 0 0
fl=/build/eglibc-ripdx6/eglibc-2.19/string/../string/memcmp.c
fn=bcmp
105 27 0 0 27 0 0 0 0 0
106 54 0 0 27 0 0 0 0 0
110 60 0 0 0 0 0 0 0 0
111 18 0 0 0 0 0 0 0 0
129 49 0 0 0 0 0 0 0 0
133 7 1 1 7 3 3 0 0 0
134 7 0 0 7 0 0 0 0 0
135 7 0 0 0 0 0 0 0 0
136 7 0 0 0 0 0 0 0 0
137 7 0 0 0 0 0 0 0 0
183 7 0 0 7 1 1 0 0 0
184 7 0 0 7 0 0 0 0 0
185 50 1 1 0 0 0 12 3 3
192 2 1 1 0 0 0 0 0 0
197 2 1 1 0 0 0 0 0 0
221 3 0 0 0 0 0 0 0 0
222 6 1 1 0 0 0 0 0 0
226 6 0 0 0 0 0 0 0 0
228 18 0 0 0 0 0 0 0 0
232 2 0 0 2 0 0 0 0 0
233 2 0 0 2 0 0 0 0 0
234 2 0 0 2 0 0 0 0 0
235 2 0 0 0 0 0 0 0 0
236 2 0 0 0 0 0 0 0 0
237 2 0 0 0 0 0 0 0 0
255 1 0 0 1 0 0 0 0 0
256 1 0 0 1 1 1 0 0 0
257 1 0 0 1 0 0 0 0 0
261 2 1 1 0 0 0 0 0 0
289 2 0 0 2 0 0 0 0 0
290 2 0 0 2 0 0 0 0 0
291 12 1 1 0 0 0 0 0 0
292 4 0 0 0 0 0 0 0 0
299 4 1 1 0 0 0 0 0 0
304 18 1 1 0 0 0 0 0 0
305 6 0 0 0 0 0 0 0 0
315 168 1 1 0 0 0 144 2 2
318 24 0 0 0 0 0 0 0 0
319 24 0 0 0 0 0 0 0 0
322 48 0 0 0 0 0 0 0 0
326 48 0 0 0 0 0 0 0 0
328 6 0 0 6 1 1 0 0 0
329 6 0 0 6 0 0 0 0 0
330 6 0 0 0 0 0 0 0 0
331 6 0 0 0 0 0 0 0 0
333 12 0 0 0 0 0 0 0 0
335 6 0 0 0 0 0 0 0 0
342 30 1 1 0 0 0 0 0 0
343 20 1 1 0 0 0 0 0 0
346 12 0 0 0 0 0 0 0 0
350 12 0 0 0 0 0 0 0 0
351 4 0 0 0 0 0 0 0 0
352 4 0 0 0 0 0 0 0 0
356 270 1 1 0 0 0 0 0 0
358 118 0 0 118 2 2 0 0 0
359 118 0 0 118 7 7 0 0 0
360 118 0 0 0 0 0 0 0 0
363 383 1 1 0 0 0 0 0 0
368 17 0 0 0 0 0 0 0 0
369 192 0 0 168 0 0 0 0 0
fl=/build/eglibc-ripdx6/eglibc-2.19/string/../string/memmove.c
fn=memmove
49 40 3 1 0 0 0 24 0 0
55 32 0 0 0 0 0 0 0 0
63 32 0 0 0 0 0 0 0 0
66 20 0 0 0 0 0 0 0 0
67 8 0 0 0 0 0 0 0 0
79 72 6 3 4 0 0 8 0 0
85 132 0 0 20 0 0 20 0 0
116 40 0 0 32 0 0 0 0 0
fl=/build/eglibc-ripdx6/eglibc-2.19/string/../sysdeps/x86_64/memcpy.S
fn=__GI_mempcpy
61 20001 1 1 0 0 0 0 0 0
65 20001 0 0 0 0 0 0 0 0
68 20001 0 0 0 0 0 0 0 0
69 20001 0 0 0 0 0 0 0 0
71 15537 0 0 15537 0 0 0 0 0
72 15537 0 0 0 0 0 15537 2 2
74 15537 0 0 0 0 0 0 0 0
75 15537 0 0 0 0 0 0 0 0
80 20001 0 0 0 0 0 0 0 0
81 20001 0 0 0 0 0 0 0 0
83 6332 0 0 6332 0 0 0 0 0
84 6332 0 0 0 0 0 6332 1 0
86 6332 0 0 0 0 0 0 0 0
87 6332 0 0 0 0 0 0 0 0
92 20001 1 1 0 0 0 0 0 0
93 20001 0 0 0 0 0 0 0 0
95 51 0 0 51 0 0 0 0 0
96 51 0 0 0 0 0 51 0 0
98 51 0 0 0 0 0 0 0 0
99 51 0 0 0 0 0 0 0 0
104 20001 0 0 0 0 0 0 0 0
105 20001 0 0 0 0 0 0 0 0
107 9913 0 0 9913 0 0 0 0 0
108 9913 0 0 0 0 0 9913 13 13
110 9913 0 0 0 0 0 0 0 0
111 19826 0 0 0 0 0 0 0 0
116 20001 0 0 0 0 0 0 0 0
117 20001 0 0 0 0 0 0 0 0
138 20001 0 0 0 0 0 0 0 0
142 20001 0 0 20001 0 0 0 0 0
154 1 1 1 0 0 0 0 0 0
156 1 0 0 0 0 0 0 0 0
157 1 0 0 0 0 0 0 0 0
183 1 1 1 0 0 0 0 0 0
184 1 0 0 0 0 0 0 0 0
187 1 0 0 0 0 0 0 0 0
188 1 0 0 0 0 0 0 0 0
189 1 0 0 0 0 0 0 0 0
194 1 0 0 0 0 0 0 0 0
196 1 0 0 1 0 0 0 0 0
197 1 0 0 1 0 0 0 0 0
198 1 0 0 1 0 0 0 0 0
199 1 0 0 1 0 0 0 0 0
201 1 0 0 0 0 0 1 0 0
202 1 0 0 0 0 0 1 0 0
203 1 0 0 0 0 0 1 0 0
204 1 0 0 0 0 0 1 0 0
206 1 1 1 0 0 0 0 0 0
207 1 0 0 0 0 0 0 0 0
209 1 0 0 0 0 0 0 0 0
231 1 1 1 0 0 0 0 0 0
233 1 0 0 0 0 0 0 0 0
fn=mempcpy
61 84 1 1 0 0 0 0 0 0
65 84 0 0 0 0 0 0 0 0
68 82 0 0 0 0 0 0 0 0
69 82 0 0 0 0 0 0 0 0
71 31 0 0 31 1 1 0 0 0
72 31 0 0 0 0 0 31 2 2
74 31 0 0 0 0 0 0 0 0
75 31 0 0 0 0 0 0 0 0
80 82 0 0 0 0 0 0 0 0
81 82 0 0 0 0 0 0 0 0
83 54 0 0 54 0 0 0 0 0
84 54 0 0 0 0 0 54 1 1
86 54 0 0 0 0 0 0 0 0
87 54 0 0 0 0 0 0 0 0
92 82 0 0 0 0 0 0 0 0
93 82 0 0 0 0 0 0 0 0
95 42 0 0 42 0 0 0 0 0
96 42 0 0 0 0 0 42 0 0
98 42 0 0 0 0 0 0 0 0
99 42 0 0 0 0 0 0 0 0
104 82 1 1 0 0 0 0 0 0
105 82 0 0 0 0 0 0 0 0
107 42 0 0 42 0 0 0 0 0
108 42 0 0 0 0 0 42 1 1
110 42 0 0 0 0 0 0 0 0
111 84 0 0 0 0 0 0 0 0
116 82 0 0 0 0 0 0 0 0
117 89 0 0 0 0 0 0 0 0
122 7 0 0 7 1 0 0 0 0
123 7 0 0 7 0 0 0 0 0
124 7 0 0 0 0 0 7 1 1
125 7 0 0 0 0 0 7 0 0
127 7 0 0 0 0 0 0 0 0
129 7 0 0 0 0 0 0 0 0
130 7 0 0 0 0 0 0 0 0
132 7 0 0 0 0 0 0 0 0
138 82 1 1 0 0 0 0 0 0
142 82 0 0 82 0 0 0 0 0
154 5 0 0 0 0 0 0 0 0
156 5 0 0 0 0 0 0 0 0
157 5 0 0 0 0 0 0 0 0
183 5 1 1 0 0 0 0 0 0
184 5 0 0 0 0 0 0 0 0
187 5 0 0 0 0 0 0 0 0
188 5 0 0 0 0 0 0 0 0
189 5 0 0 0 0 0 0 0 0
194 5 0 0 0 0 0 0 0 0
196 5 0 0 5 0 0 0 0 0
197 5 0 0 5 0 0 0 0 0
198 5 0 0 5 0 0 0 0 0
199 5 0 0 5 0 0 0 0 0
201 5 0 0 0 0 0 5 0 0
202 5 0 0 0 0 0 5 0 0
203 5 0 0 0 0 0 5 2 2
204 5 0 0 0 0 0 5 0 0
206 5 0 0 0 0 0 0 0 0
207 5 0 0 0 0 0 0 0 0
209 5 0 0 0 0 0 0 0 0
231 5 1 1 0 0 0 0 0 0
233 5 0 0 0 0 0 0 0 0
235 2 0 0 0 0 0 0 0 0
242 2 0 0 2 0 0 0 0 0
fl=/build/eglibc-ripdx6/eglibc-2.19/string/../sysdeps/x86_64/memset.S
fn=memset
53 1 1 1 0 0 0 0 0 0
54 1 0 0 0 0 0 0 0 0
55 1 0 0 0 0 0 0 0 0
56 1 0 0 0 0 0 0 0 0
57 1 0 0 0 0 0 0 0 0
59 1 0 0 0 0 0 0 0 0
60 1 0 0 0 0 0 0 0 0
77 1 1 1 0 0 0 0 0 0
78 1 0 0 0 0 0 1 1 1
79 1 0 0 0 0 0 0 0 0
80 1 0 0 0 0 0 1 0 0
81 1 0 0 0 0 0 1 0 0
82 1 1 1 0 0 0 1 0 0
83 1 0 0 0 0 0 1 0 0
84 1 0 0 0 0 0 1 0 0
85 1 0 0 0 0 0 1 1 1
86 1 0 0 0 0 0 1 0 0
87 1 0 0 0 0 0 0 0 0
88 1 0 0 0 0 0 0 0 0
89 1 0 0 0 0 0 0 0 0
90 2 0 0 0 0 0 0 0 0
93 624 0 0 0 0 0 624 623 537
94 624 0 0 0 0 0 624 0 0
95 624 1 1 0 0 0 624 0 0
96 624 0 0 0 0 0 624 0 0
97 624 0 0 0 0 0 0 0 0
98 624 0 0 0 0 0 0 0 0
99 624 0 0 0 0 0 0 0 0
100 1 0 0 1 1 0 0 0 0
fl=/build/eglibc-ripdx6/eglibc-2.19/string/../sysdeps/x86_64/multiarch/../cacheinfo.c
fn=handle_intel
305 16 0 0 0 0 0 12 0 0
306 4 1 1 0 0 0 0 0 0
317 6 0 0 0 0 0 2 0 0
319 2 0 0 0 0 0 2 0 0
320 4 0 0 0 0 0 2 0 0
322 2 0 0 0 0 0 0 0 0
328 8 1 1 0 0 0 2 0 0
333 4 0 0 0 0 0 0 0 0
335 6 1 1 0 0 0 2 0 0
336 2 0 0 0 0 0 0 0 0
340 10 1 1 0 0 0 2 0 0
341 4 0 0 0 0 0 0 0 0
344 10 0 0 0 0 0 2 0 0
345 4 0 0 0 0 0 0 0 0
362 16 0 0 14 0 0 0 0 0
fn=init_cacheinfo
550 3 1 1 0 0 0 3 0 0
563 3 0 0 1 1 0 0 0 0
570 2 0 0 0 0 0 0 0 0
572 4 0 0 1 0 0 1 0 0
575 1 0 0 0 0 0 0 0 0
576 4 1 1 1 0 0 1 0 0
578 2 0 0 0 0 0 0 0 0
589 1 0 0 1 0 0 0 0 0
607 4 0 0 1 0 0 0 0 0
614 17 1 1 0 0 0 0 0 0
620 8 0 0 0 0 0 0 0 0
623 20 0 0 0 0 0 0 0 0
625 2 1 1 0 0 0 0 0 0
631 5 0 0 0 0 0 0 0 0
638 9 1 1 0 0 0 0 0 0
640 2 0 0 0 0 0 0 0 0
642 8 0 0 0 0 0 0 0 0
644 4 0 0 0 0 0 0 0 0
649 1 1 1 0 0 0 0 0 0
651 4 0 0 0 0 0 0 0 0
652 2 0 0 0 0 0 0 0 0
653 1 0 0 0 0 0 0 0 0
657 2 0 0 0 0 0 0 0 0
669 4 0 0 0 0 0 0 0 0
670 5 1 1 0 0 0 0 0 0
744 2 0 0 0 0 0 0 0 0
746 3 1 1 0 0 0 1 0 0
747 1 0 0 0 0 0 1 1 1
749 1 0 0 0 0 0 0 0 0
750 3 0 0 0 0 0 1 0 0
751 1 0 0 0 0 0 1 0 0
754 2 0 0 0 0 0 0 0 0
756 3 0 0 0 0 0 1 0 0
757 1 0 0 0 0 0 1 1 1
759 1 0 0 0 0 0 0 0 0
760 3 0 0 0 0 0 1 0 0
761 1 0 0 0 0 0 1 0 0
763 4 0 0 4 0 0 0 0 0
fn=intel_check_word
150 108 0 0 54 6 6 0 0 0
153 54 0 0 0 0 0 0 0 0
161 16 1 1 0 0 0 12 0 0
162 8 1 1 0 0 0 0 0 0
164 2 0 0 0 0 0 0 0 0
168 28 0 0 0 0 0 0 0 0
170 32 0 0 0 0 0 0 0 0
172 10 0 0 0 0 0 0 0 0
174 20 0 0 0 0 0 0 0 0
182 20 1 1 0 0 0 0 0 0
194 39 2 2 0 0 0 0 0 0
199 16 0 0 0 0 0 0 0 0
203 10 1 1 0 0 0 0 0 0
205 5 1 1 0 0 0 0 0 0
210 8 0 0 0 0 0 0 0 0
213 2 1 1 0 0 0 0 0 0
215 4 0 0 0 0 0 0 0 0
217 10 1 1 0 0 0 0 0 0
218 8 0 0 0 0 0 0 0 0
219 8 1 1 0 0 0 0 0 0
220 2 0 0 0 0 0 0 0 0
228 3 1 1 0 0 0 0 0 0
235 16 0 0 0 0 0 0 0 0
295 8 1 1 0 0 0 0 0 0
300 16 0 0 16 0 0 0 0 0
fl=/build/eglibc-ripdx6/eglibc-2.19/string/../sysdeps/x86_64/multiarch/../memcmp.S
fn=__GI_memcmp
24 41 1 1 0 0 0 0 0 0
25 41 0 0 0 0 0 0 0 0
26 41 0 0 0 0 0 0 0 0
27 41 1 1 0 0 0 0 0 0
28 41 0 0 0 0 0 0 0 0
29 41 0 0 0 0 0 0 0 0
30 41 0 0 0 0 0 0 0 0
31 41 0 0 0 0 0 0 0 0
34 41 0 0 0 0 0 0 0 0
35 41 0 0 0 0 0 0 0 0
36 40 0 0 40 0 0 0 0 0
37 40 0 0 40 0 0 0 0 0
38 40 0 0 0 0 0 0 0 0
39 40 0 0 0 0 0 0 0 0
40 40 0 0 0 0 0 0 0 0
41 40 0 0 0 0 0 0 0 0
42 40 0 0 0 0 0 0 0 0
44 10 0 0 0 0 0 0 0 0
45 10 1 1 0 0 0 0 0 0
46 1 0 0 1 0 0 0 0 0
47 1 0 0 1 0 0 0 0 0
48 1 0 0 0 0 0 0 0 0
49 1 0 0 0 0 0 0 0 0
50 1 0 0 0 0 0 0 0 0
51 1 0 0 0 0 0 0 0 0
52 1 0 0 0 0 0 0 0 0
54 10 0 0 0 0 0 0 0 0
55 10 0 0 0 0 0 0 0 0
56 10 0 0 10 0 0 0 0 0
57 10 0 0 10 0 0 0 0 0
58 10 0 0 0 0 0 0 0 0
59 10 0 0 0 0 0 0 0 0
94 31 0 0 31 0 0 0 0 0
98 10 1 1 0 0 0 0 0 0
99 10 0 0 0 0 0 0 0 0
100 1 0 0 0 0 0 0 0 0
101 1 0 0 0 0 0 0 0 0
102 1 0 0 0 0 0 0 0 0
103 1 0 0 0 0 0 0 0 0
104 1 0 0 0 0 0 0 0 0
105 1 0 0 0 0 0 0 0 0
106 1 0 0 0 0 0 0 0 0
107 1 0 0 0 0 0 0 0 0
108 1 0 0 0 0 0 0 0 0
109 1 0 0 0 0 0 0 0 0
110 1 0 0 1 0 0 0 0 0
114 9 0 0 0 0 0 0 0 0
115 9 0 0 9 0 0 0 0 0
fl=/build/eglibc-ripdx6/eglibc-2.19/string/../sysdeps/x86_64/multiarch/../memcpy.S
fn=memcpy
61 29 1 1 0 0 0 0 0 0
63 29 0 0 0 0 0 0 0 0
65 29 0 0 0 0 0 0 0 0
68 29 0 0 0 0 0 0 0 0
69 29 0 0 0 0 0 0 0 0
71 7 0 0 7 0 0 0 0 0
72 7 0 0 0 0 0 7 3 3
74 7 0 0 0 0 0 0 0 0
75 7 0 0 0 0 0 0 0 0
80 29 0 0 0 0 0 0 0 0
81 29 0 0 0 0 0 0 0 0
83 11 0 0 11 0 0 0 0 0
84 11 0 0 0 0 0 11 3 3
86 11 0 0 0 0 0 0 0 0
87 22 0 0 0 0 0 0 0 0
92 29 0 0 0 0 0 0 0 0
93 29 0 0 0 0 0 0 0 0
95 6 0 0 6 0 0 0 0 0
96 6 0 0 0 0 0 6 0 0
98 6 0 0 0 0 0 0 0 0
99 6 0 0 0 0 0 0 0 0
104 29 1 1 0 0 0 0 0 0
105 29 0 0 0 0 0 0 0 0
107 15 0 0 15 1 1 0 0 0
108 15 0 0 0 0 0 15 4 4
110 15 0 0 0 0 0 0 0 0
111 15 0 0 0 0 0 0 0 0
116 29 0 0 0 0 0 0 0 0
117 45 0 0 0 0 0 0 0 0
122 16 0 0 16 0 0 0 0 0
123 16 0 0 16 0 0 0 0 0
124 16 0 0 0 0 0 16 0 0
125 16 0 0 0 0 0 16 1 1
127 16 0 0 0 0 0 0 0 0
129 16 0 0 0 0 0 0 0 0
130 16 0 0 0 0 0 0 0 0
132 16 0 0 0 0 0 0 0 0
140 29 0 0 29 0 0 0 0 0
148 13 1 1 0 0 0 13 0 0
154 13 0 0 0 0 0 0 0 0
156 13 0 0 0 0 0 0 0 0
157 13 0 0 0 0 0 0 0 0
160 6 0 0 0 0 0 0 0 0
161 12 0 0 0 0 0 0 0 0
166 28 0 0 28 0 0 0 0 0
167 28 0 0 0 0 0 28 1 1
169 28 0 0 0 0 0 0 0 0
171 28 0 0 0 0 0 0 0 0
172 28 0 0 0 0 0 0 0 0
174 34 0 0 0 0 0 0 0 0
183 13 1 1 0 0 0 0 0 0
184 13 0 0 0 0 0 0 0 0
187 13 0 0 0 0 0 0 0 0
188 13 0 0 0 0 0 0 0 0
189 13 0 0 0 0 0 0 0 0
194 17 0 0 0 0 0 0 0 0
196 17 0 0 17 5 5 0 0 0
197 17 0 0 17 0 0 0 0 0
198 17 0 0 17 0 0 0 0 0
199 17 0 0 17 0 0 0 0 0
201 17 0 0 0 0 0 17 6 6
202 17 0 0 0 0 0 17 0 0
203 17 0 0 0 0 0 17 1 1
204 17 0 0 0 0 0 17 2 2
206 17 0 0 0 0 0 0 0 0
207 17 0 0 0 0 0 0 0 0
209 17 0 0 0 0 0 0 0 0
211 8 0 0 0 0 0 0 0 0
213 8 0 0 8 4 4 0 0 0
214 8 0 0 8 0 0 0 0 0
215 8 0 0 8 0 0 0 0 0
216 8 0 0 8 0 0 0 0 0
218 8 0 0 0 0 0 8 4 4
219 8 0 0 0 0 0 8 0 0
220 8 0 0 0 0 0 8 0 0
221 8 0 0 0 0 0 8 0 0
223 8 0 0 0 0 0 0 0 0
224 8 0 0 0 0 0 0 0 0
226 10 0 0 0 0 0 0 0 0
231 13 1 1 0 0 0 0 0 0
237 13 0 0 13 0 0 0 0 0
238 13 0 0 0 0 0 0 0 0
fl=/build/eglibc-ripdx6/eglibc-2.19/string/../sysdeps/x86_64/multiarch/../rtld-strlen.S
fn=strlen
26 28 1 1 0 0 0 0 0 0
27 28 0 0 0 0 0 0 0 0
28 28 0 0 0 0 0 0 0 0
29 28 0 0 0 0 0 0 0 0
31 17 0 0 0 0 0 0 0 0
32 17 0 0 0 0 0 0 0 0
34 65 1 1 65 1 1 0 0 0
35 65 0 0 0 0 0 0 0 0
36 64 0 0 0 0 0 0 0 0
37 64 0 0 0 0 0 0 0 0
38 64 0 0 0 0 0 0 0 0
40 54 0 0 0 0 0 0 0 0
45 35 0 0 35 0 0 0 0 0
46 35 0 0 0 0 0 0 0 0
47 35 0 0 0 0 0 0 0 0
48 35 0 0 0 0 0 0 0 0
51 35 0 0 0 0 0 0 0 0
52 31 0 0 0 0 0 0 0 0
53 31 0 0 0 0 0 0 0 0
54 31 0 0 0 0 0 0 0 0
56 31 0 0 0 0 0 0 0 0
59 25 0 0 25 0 0 0 0 0
60 25 1 1 0 0 0 0 0 0
61 25 0 0 0 0 0 0 0 0
62 25 0 0 0 0 0 0 0 0
65 25 0 0 0 0 0 0 0 0
66 18 0 0 0 0 0 0 0 0
67 18 0 0 0 0 0 0 0 0
68 18 0 0 0 0 0 0 0 0
70 18 0 0 0 0 0 0 0 0
73 16 0 0 16 0 0 0 0 0
74 16 0 0 0 0 0 0 0 0
75 16 0 0 0 0 0 0 0 0
76 16 0 0 0 0 0 0 0 0
79 16 0 0 0 0 0 0 0 0
80 14 0 0 0 0 0 0 0 0
81 14 0 0 0 0 0 0 0 0
82 14 0 0 0 0 0 0 0 0
84 14 0 0 0 0 0 0 0 0
87 13 0 0 13 0 0 0 0 0
88 13 0 0 0 0 0 0 0 0
89 13 0 0 0 0 0 0 0 0
90 13 0 0 0 0 0 0 0 0
93 13 0 0 0 0 0 0 0 0
94 11 0 0 0 0 0 0 0 0
95 11 0 0 0 0 0 0 0 0
96 11 0 0 0 0 0 0 0 0
98 14 0 0 0 0 0 0 0 0
101 27 1 1 0 0 0 0 0 0
103 27 0 0 0 0 0 0 0 0
104 27 0 0 0 0 0 0 0 0
105 26 0 0 0 0 0 0 0 0
107 26 0 0 0 0 0 0 0 0
108 26 0 0 0 0 0 0 0 0
109 23 0 0 0 0 0 0 0 0
111 23 0 0 0 0 0 0 0 0
112 23 0 0 0 0 0 0 0 0
113 20 0 0 0 0 0 0 0 0
115 20 0 0 0 0 0 0 0 0
116 20 0 0 0 0 0 0 0 0
117 19 0 0 0 0 0 0 0 0
119 19 0 0 0 0 0 0 0 0
121 19 0 0 0 0 0 0 0 0
122 19 0 0 0 0 0 0 0 0
123 18 1 1 0 0 0 0 0 0
125 18 0 0 0 0 0 0 0 0
126 18 0 0 0 0 0 0 0 0
127 14 0 0 0 0 0 0 0 0
129 14 0 0 0 0 0 0 0 0
130 14 0 0 0 0 0 0 0 0
131 8 0 0 0 0 0 0 0 0
133 28 0 0 0 0 0 0 0 0
134 28 0 0 28 0 0 0 0 0
fl=/build/eglibc-ripdx6/eglibc-2.19/string/../sysdeps/x86_64/multiarch/../strchr.S
fn=index
24 19 1 1 0 0 0 0 0 0
25 19 0 0 0 0 0 0 0 0
26 19 0 0 0 0 0 0 0 0
27 19 0 0 0 0 0 0 0 0
28 19 0 0 0 0 0 0 0 0
29 19 0 0 0 0 0 0 0 0
30 19 0 0 0 0 0 0 0 0
31 19 1 1 0 0 0 0 0 0
32 19 0 0 19 5 5 0 0 0
33 19 0 0 0 0 0 0 0 0
34 19 0 0 0 0 0 0 0 0
35 19 0 0 0 0 0 0 0 0
36 19 0 0 0 0 0 0 0 0
37 19 0 0 0 0 0 0 0 0
38 19 0 0 0 0 0 0 0 0
39 19 0 0 0 0 0 0 0 0
40 19 0 0 0 0 0 0 0 0
41 13 0 0 0 0 0 0 0 0
45 13 0 0 0 0 0 0 0 0
46 13 0 0 0 0 0 0 0 0
47 13 0 0 13 0 0 0 0 0
48 13 0 0 0 0 0 0 0 0
50 13 0 0 13 0 0 0 0 0
54 6 0 0 6 0 0 0 0 0
55 6 1 1 0 0 0 0 0 0
56 6 0 0 0 0 0 0 0 0
57 6 0 0 0 0 0 0 0 0
58 6 0 0 0 0 0 0 0 0
59 6 0 0 0 0 0 0 0 0
60 6 0 0 6 0 0 0 0 0
61 6 0 0 0 0 0 0 0 0
62 6 0 0 0 0 0 0 0 0
63 6 0 0 0 0 0 0 0 0
64 6 0 0 0 0 0 0 0 0
65 6 0 0 0 0 0 0 0 0
66 6 0 0 0 0 0 0 0 0
67 6 0 0 6 0 0 0 0 0
68 6 0 0 0 0 0 0 0 0
69 6 0 0 0 0 0 0 0 0
70 6 0 0 0 0 0 0 0 0
71 6 1 1 0 0 0 0 0 0
72 6 0 0 0 0 0 0 0 0
73 6 0 0 0 0 0 0 0 0
74 6 0 0 0 0 0 0 0 0
75 6 0 0 0 0 0 0 0 0
76 6 0 0 0 0 0 0 0 0
77 6 0 0 0 0 0 0 0 0
129 6 1 1 0 0 0 0 0 0
133 6 0 0 0 0 0 0 0 0
134 6 0 0 0 0 0 0 0 0
135 6 0 0 6 0 0 0 0 0
136 6 0 0 0 0 0 0 0 0
138 6 0 0 6 0 0 0 0 0
fl=/build/eglibc-ripdx6/eglibc-2.19/string/../sysdeps/x86_64/multiarch/../strcmp.S
fn=__strcmp_ssse3
180 8 1 1 0 0 0 0 0 0
181 8 0 0 0 0 0 0 0 0
183 8 0 0 0 0 0 0 0 0
184 8 0 0 0 0 0 0 0 0
205 8 0 0 0 0 0 0 0 0
206 8 0 0 0 0 0 0 0 0
207 8 0 0 0 0 0 0 0 0
208 8 0 0 0 0 0 0 0 0
209 8 0 0 8 0 0 0 0 0
210 8 0 0 8 0 0 0 0 0
211 8 0 0 8 0 0 0 0 0
212 8 0 0 8 0 0 0 0 0
233 8 0 0 0 0 0 0 0 0
234 8 0 0 0 0 0 0 0 0
235 8 0 0 0 0 0 0 0 0
236 8 0 0 0 0 0 0 0 0
237 8 0 0 0 0 0 0 0 0
238 8 1 1 0 0 0 0 0 0
239 8 0 0 0 0 0 0 0 0
2247 8 1 1 0 0 0 0 0 0
2253 8 0 0 8 0 0 0 0 0
2254 8 0 0 8 0 0 0 0 0
2262 8 0 0 0 0 0 0 0 0
2263 8 0 0 8 0 0 0 0 0
fn=strcmp
131 17489 0 0 17489 130 48 0 0 0
132 17489 0 0 17489 52 8 0 0 0
133 17489 0 0 0 0 0 0 0 0
134 17046 0 0 0 0 0 0 0 0
135 17046 0 0 0 0 0 0 0 0
136 17046 0 0 0 0 0 0 0 0
137 17046 0 0 0 0 0 0 0 0
139 1387 0 0 0 0 0 0 0 0
140 1387 0 0 1387 0 0 0 0 0
142 443 0 0 0 0 0 0 0 0
143 443 0 0 0 0 0 0 0 0
144 443 0 0 0 0 0 0 0 0
145 443 0 0 443 0 0 0 0 0
fl=/build/eglibc-ripdx6/eglibc-2.19/string/../sysdeps/x86_64/multiarch/memcmp-sse4.S
fn=__memcmp_sse4_1
47 1 1 1 0 0 0 0 0 0
48 1 0 0 0 0 0 0 0 0
49 1 0 0 0 0 0 0 0 0
69 1 1 1 1 0 0 0 0 0
70 1 0 0 1 0 0 0 0 0
71 1 0 0 0 0 0 0 0 0
72 1 0 0 0 0 0 0 0 0
73 1 0 0 0 0 0 0 0 0
74 1 0 0 0 0 0 0 0 0
75 1 0 0 0 0 0 0 0 0
76 1 1 1 0 0 0 0 0 0
77 1 0 0 0 0 0 0 0 0
79 1 0 0 0 0 0 0 0 0
80 1 0 0 0 0 0 0 0 0
81 1 0 0 0 0 0 0 0 0
82 1 0 0 0 0 0 0 0 0
84 1 0 0 0 0 0 0 0 0
85 1 0 0 0 0 0 0 0 0
87 1 0 0 0 0 0 0 0 0
89 1 0 0 1 0 0 0 0 0
90 1 0 0 1 0 0 0 0 0
91 1 0 0 0 0 0 0 0 0
92 1 0 0 0 0 0 0 0 0
94 1 1 1 1 0 0 0 0 0
95 1 0 0 1 0 0 0 0 0
96 1 0 0 0 0 0 0 0 0
97 1 0 0 0 0 0 0 0 0
99 1 0 0 1 0 0 0 0 0
100 1 0 0 1 0 0 0 0 0
101 1 0 0 0 0 0 0 0 0
102 1 0 0 0 0 0 0 0 0
104 1 0 0 1 0 0 0 0 0
105 1 0 0 1 0 0 0 0 0
106 1 0 0 0 0 0 0 0 0
107 1 0 0 0 0 0 0 0 0
108 1 0 0 0 0 0 0 0 0
109 1 1 1 0 0 0 0 0 0
111 1 0 0 1 0 0 0 0 0
112 1 0 0 1 0 0 0 0 0
113 1 0 0 0 0 0 0 0 0
114 1 0 0 0 0 0 0 0 0
116 1 0 0 1 0 0 0 0 0
117 1 0 0 1 0 0 0 0 0
118 1 0 0 0 0 0 0 0 0
119 1 0 0 0 0 0 0 0 0
120 1 0 0 0 0 0 0 0 0
121 1 0 0 0 0 0 0 0 0
122 1 0 0 0 0 0 0 0 0
124 1 0 0 0 0 0 0 0 0
125 1 0 0 0 0 0 0 0 0
126 1 0 0 0 0 0 0 0 0
127 1 0 0 0 0 0 0 0 0
128 4 0 0 1 1 1 0 0 0
131 1 1 1 0 0 0 0 0 0
132 1 0 0 0 0 0 0 0 0
133 1 0 0 0 0 0 0 0 0
134 1 0 0 0 0 0 0 0 0
136 1 0 0 0 0 0 0 0 0
138 1 0 0 1 0 0 0 0 0
139 1 0 0 1 0 0 0 0 0
140 1 1 1 0 0 0 0 0 0
141 1 0 0 0 0 0 0 0 0
143 1 0 0 1 0 0 0 0 0
144 1 0 0 1 0 0 0 0 0
145 1 0 0 0 0 0 0 0 0
146 1 0 0 0 0 0 0 0 0
148 1 0 0 1 0 0 0 0 0
149 1 0 0 1 0 0 0 0 0
150 1 0 0 0 0 0 0 0 0
151 1 0 0 0 0 0 0 0 0
153 1 0 0 1 0 0 0 0 0
154 1 0 0 1 0 0 0 0 0
155 1 1 1 0 0 0 0 0 0
156 1 0 0 0 0 0 0 0 0
158 1 0 0 1 0 0 0 0 0
159 1 0 0 1 0 0 0 0 0
160 1 0 0 0 0 0 0 0 0
161 1 0 0 0 0 0 0 0 0
163 1 0 0 1 0 0 0 0 0
164 1 0 0 1 0 0 0 0 0
165 1 0 0 0 0 0 0 0 0
166 1 0 0 0 0 0 0 0 0
168 1 0 0 1 0 0 0 0 0
169 1 0 0 1 0 0 0 0 0
170 1 1 1 0 0 0 0 0 0
171 1 0 0 0 0 0 0 0 0
173 1 0 0 1 0 0 0 0 0
174 1 0 0 1 0 0 0 0 0
175 1 0 0 0 0 0 0 0 0
176 1 0 0 0 0 0 0 0 0
178 1 0 0 0 0 0 0 0 0
179 1 0 0 0 0 0 0 0 0
181 1 0 0 0 0 0 0 0 0
182 1 0 0 0 0 0 0 0 0
1249 1 1 1 1 0 0 0 0 0
1250 1 0 0 1 0 0 0 0 0
1251 1 0 0 0 0 0 0 0 0
1252 1 0 0 0 0 0 0 0 0
1253 1 0 0 0 0 0 0 0 0
1254 1 0 0 0 0 0 0 0 0
1255 1 0 0 1 0 0 0 0 0
1256 1 0 0 1 0 0 0 0 0
1257 1 0 0 0 0 0 0 0 0
1258 1 0 0 0 0 0 0 0 0
1259 1 1 1 1 0 0 0 0 0
1260 1 0 0 1 0 0 0 0 0
1261 1 0 0 0 0 0 0 0 0
1262 1 0 0 1 0 0 0 0 0
fl=/build/eglibc-ripdx6/eglibc-2.19/string/../sysdeps/x86_64/multiarch/memcmp.S
fn=bcmp
29 1 1 1 1 0 0 0 0 0
30 1 0 0 0 0 0 0 0 0
33 1 1 0 1 0 0 0 0 0
34 1 0 0 0 0 0 0 0 0
38 1 0 0 1 0 0 0 0 0
39 1 0 0 0 0 0 0 0 0
40 1 0 0 0 0 0 0 0 0
41 1 0 0 1 0 0 0 0 0
fl=/build/eglibc-ripdx6/eglibc-2.19/string/../sysdeps/x86_64/multiarch/memcpy-sse2-unaligned.S
fn=__memcpy_sse2_unaligned
25 1 1 1 0 0 0 0 0 0
26 1 0 0 0 0 0 0 0 0
27 1 0 0 0 0 0 0 0 0
28 1 0 0 0 0 0 0 0 0
29 1 0 0 0 0 0 0 0 0
30 1 1 1 0 0 0 0 0 0
31 1 0 0 0 0 0 0 0 0
32 1 0 0 0 0 0 0 0 0
33 1 0 0 1 0 0 0 0 0
34 1 0 0 0 0 0 0 0 0
35 1 0 0 0 0 0 1 1 0
36 1 0 0 1 0 0 0 0 0
37 1 0 0 0 0 0 1 1 0
38 1 0 0 0 0 0 0 0 0
40 1 0 0 0 0 0 0 0 0
41 1 0 0 1 0 0 0 0 0
45 1 1 1 1 0 0 0 0 0
46 1 0 0 0 0 0 0 0 0
47 1 0 0 0 0 0 1 0 0
48 1 0 0 1 0 0 0 0 0
49 1 0 0 0 0 0 1 0 0
50 1 0 0 0 0 0 0 0 0
51 1 0 0 1 0 0 0 0 0
52 1 0 0 0 0 0 0 0 0
53 1 0 0 0 0 0 1 0 0
54 1 0 0 1 0 0 0 0 0
55 1 1 1 0 0 0 1 0 0
56 1 0 0 1 0 0 0 0 0
57 1 0 0 0 0 0 1 0 0
58 1 0 0 1 0 0 0 0 0
59 1 0 0 0 0 0 1 1 0
60 1 0 0 0 0 0 0 0 0
61 1 0 0 0 0 0 0 0 0
62 1 0 0 0 0 0 0 0 0
63 1 0 0 0 0 0 0 0 0
64 1 0 0 0 0 0 0 0 0
65 1 0 0 0 0 0 0 0 0
66 1 0 0 0 0 0 0 0 0
67 1 0 0 0 0 0 0 0 0
68 1 0 0 0 0 0 0 0 0
69 1 0 0 0 0 0 0 0 0
70 1 1 1 0 0 0 0 0 0
71 1 0 0 0 0 0 0 0 0
72 1 0 0 0 0 0 0 0 0
73 1 0 0 0 0 0 0 0 0
74 1 0 0 0 0 0 0 0 0
78 3 0 0 3 0 0 0 0 0
79 3 0 0 0 0 0 3 1 0
80 3 0 0 3 0 0 0 0 0
81 3 0 0 0 0 0 3 0 0
82 3 0 0 3 0 0 0 0 0
83 3 0 0 0 0 0 3 0 0
84 3 0 0 3 0 0 0 0 0
85 3 0 0 0 0 0 3 0 0
86 3 1 1 0 0 0 0 0 0
87 3 0 0 0 0 0 0 0 0
88 3 0 0 0 0 0 0 0 0
89 1 0 0 0 0 0 0 0 0
fl=/build/eglibc-ripdx6/eglibc-2.19/string/../sysdeps/x86_64/multiarch/memcpy.S
fn=memcpy@@GLIBC_2.14
32 1 1 1 1 1 0 0 0 0
33 1 0 0 0 0 0 0 0 0
35 1 0 0 0 0 0 0 0 0
36 1 0 0 1 1 0 0 0 0
37 1 0 0 0 0 0 0 0 0
38 1 0 0 0 0 0 0 0 0
39 1 0 0 1 0 0 0 0 0
fl=/build/eglibc-ripdx6/eglibc-2.19/string/../sysdeps/x86_64/multiarch/memmove.c
fn=memcpy@GLIBC_2.2.5
49 1 1 1 0 0 0 0 0 0
fl=/build/eglibc-ripdx6/eglibc-2.19/string/../sysdeps/x86_64/multiarch/strcmp.S
fn=strcasecmp
114 1 1 1 1 1 1 0 0 0
115 1 0 0 0 0 0 0 0 0
116 1 0 0 0 0 0 1 0 0
119 1 1 1 0 0 0 0 0 0
120 1 0 0 1 0 0 0 0 0
121 1 0 0 0 0 0 0 0 0
132 1 1 1 1 0 0 0 0 0
fn=strcmp
88 1 1 1 1 1 0 0 0 0
89 1 0 0 0 0 0 0 0 0
93 1 0 0 0 0 0 0 0 0
94 1 0 0 1 0 0 0 0 0
95 1 0 0 0 0 0 0 0 0
103 1 0 0 0 0 0 0 0 0
104 1 0 0 1 0 0 0 0 0
105 1 0 0 0 0 0 0 0 0
107 1 0 0 1 0 0 0 0 0
fn=strncasecmp
140 1 1 1 1 0 0 0 0 0
141 1 0 0 0 0 0 0 0 0
145 1 0 0 0 0 0 0 0 0
146 1 0 0 1 0 0 0 0 0
147 1 1 1 0 0 0 0 0 0
158 1 0 0 1 0 0 0 0 0
fl=/build/eglibc-ripdx6/eglibc-2.19/string/../sysdeps/x86_64/rtld-memset.S
fn=memset
30 24 1 0 0 0 0 0 0 0
31 24 0 0 0 0 0 0 0 0
32 24 0 0 0 0 0 0 0 0
33 5187 0 0 0 0 0 5163 83 83
34 24 0 0 0 0 0 0 0 0
35 24 0 0 24 0 0 0 0 0
fl=/build/eglibc-ripdx6/eglibc-2.19/string/../sysdeps/x86_64/strlen.S
fn=strlen
66 10061 1 1 0 0 0 0 0 0
67 10061 0 0 0 0 0 0 0 0
68 10061 0 0 0 0 0 0 0 0
69 10061 0 0 0 0 0 0 0 0
70 10061 0 0 0 0 0 0 0 0
71 10061 0 0 0 0 0 0 0 0
72 10061 0 0 0 0 0 0 0 0
74 10061 0 0 0 0 0 0 0 0
76 10061 0 0 0 0 0 0 0 0
106 10061 0 0 10061 6 5 0 0 0
107 10061 1 1 0 0 0 0 0 0
108 10061 0 0 0 0 0 0 0 0
109 10061 0 0 0 0 0 0 0 0
110 10061 0 0 0 0 0 0 0 0
111 10059 0 0 0 0 0 0 0 0
112 10059 0 0 10059 0 0 0 0 0
116 2 0 0 0 0 0 0 0 0
117 2 0 0 2 0 0 0 0 0
118 2 0 0 2 1 1 0 0 0
119 2 0 0 2 1 1 0 0 0
120 2 0 0 0 0 0 0 0 0
121 2 0 0 0 0 0 0 0 0
122 2 0 0 0 0 0 0 0 0
123 2 0 0 0 0 0 0 0 0
124 2 0 0 0 0 0 0 0 0
125 2 1 1 0 0 0 0 0 0
126 2 0 0 0 0 0 0 0 0
127 2 0 0 0 0 0 0 0 0
132 16 0 0 2 0 0 0 0 0
fl=/build/eglibc-ripdx6/eglibc-2.19/string/../sysdeps/x86_64/strrchr.S
fn=rindex
24 1 1 1 0 0 0 0 0 0
25 1 0 0 0 0 0 0 0 0
26 1 0 0 0 0 0 0 0 0
27 1 0 0 0 0 0 0 0 0
28 1 0 0 0 0 0 0 0 0
29 1 0 0 0 0 0 0 0 0
30 1 0 0 0 0 0 0 0 0
31 1 0 0 0 0 0 0 0 0
32 1 0 0 1 1 0 0 0 0
33 1 0 0 0 0 0 0 0 0
34 1 1 1 0 0 0 0 0 0
35 1 0 0 0 0 0 0 0 0
36 1 0 0 0 0 0 0 0 0
37 1 0 0 0 0 0 0 0 0
38 1 0 0 0 0 0 0 0 0
39 1 0 0 0 0 0 0 0 0
40 1 0 0 0 0 0 0 0 0
41 1 0 0 0 0 0 0 0 0
42 1 0 0 0 0 0 0 0 0
43 1 0 0 0 0 0 0 0 0
44 1 0 0 0 0 0 0 0 0
45 1 0 0 0 0 0 0 0 0
46 1 0 0 0 0 0 0 0 0
47 1 0 0 1 0 0 0 0 0
fl=/build/eglibc-ripdx6/eglibc-2.19/string/wordcopy.c
fn=_wordcopy_fwd_aligned
38 24 2 1 4 2 1 0 0 0
41 2 0 0 2 0 0 0 0 0
42 2 0 0 0 0 0 0 0 0
43 2 0 0 0 0 0 0 0 0
44 2 0 0 0 0 0 0 0 0
45 2 0 0 0 0 0 0 0 0
47 2 2 1 2 0 0 0 0 0
48 2 2 1 0 0 0 0 0 0
49 2 0 0 0 0 0 0 0 0
50 2 0 0 0 0 0 0 0 0
51 2 0 0 0 0 0 0 0 0
115 2 2 1 2 0 0 0 0 0
116 2 0 0 0 0 0 2 0 0
118 4 0 0 4 0 0 0 0 0
119 4 2 1 0 0 0 4 0 0
122 4 0 0 0 0 0 0 0 0
125 8 0 0 0 0 0 0 0 0
130 8 2 1 4 0 0 4 0 0
fl=/build/eglibc-ripdx6/eglibc-2.19/time/../sysdeps/generic/dl-hash.h
fn=gettimeofday
43 1 0 0 0 0 0 0 0 0
44 1 1 1 0 0 0 0 0 0
45 13 1 1 4 0 0 0 0 0
48 12 0 0 0 0 0 0 0 0
49 8 0 0 0 0 0 0 0 0
62 8 0 0 0 0 0 0 0 0
67 1 0 0 0 0 0 0 0 0
fn=time
43 1 0 0 0 0 0 0 0 0
44 1 0 0 0 0 0 0 0 0
45 13 0 0 4 1 1 0 0 0
48 12 0 0 0 0 0 0 0 0
49 8 1 1 0 0 0 0 0 0
62 8 0 0 0 0 0 0 0 0
67 1 0 0 0 0 0 0 0 0
fl=/build/eglibc-ripdx6/eglibc-2.19/time/../sysdeps/unix/sysv/linux/x86_64/gettimeofday.c
fn=gettimeofday
30 1 0 0 0 0 0 0 0 0
31 7 0 0 0 0 0 4 0 0
34 3 0 0 0 0 0 1 0 0
35 3 0 0 0 0 0 0 0 0
36 3 0 0 1 0 0 0 0 0
fl=/build/eglibc-ripdx6/eglibc-2.19/time/../sysdeps/unix/sysv/linux/x86_64/time.c
fn=time
36 1 0 0 0 0 0 0 0 0
37 7 1 1 0 0 0 4 0 0
40 6 1 1 0 0 0 1 0 0
41 3 0 0 1 0 0 0 0 0
fl=/build/eglibc-ripdx6/eglibc-2.19/wcsmbs/./wcsmbsload.h
fn=btowc
71 384 0 0 128 1 0 0 0 0
73 384 1 1 0 0 0 0 0 0
74 256 0 0 0 0 0 0 0 0
fl=/build/eglibc-ripdx6/eglibc-2.19/wcsmbs/btowc.c
fn=btowc
34 1280 1 1 0 0 0 768 0 0
39 1280 1 1 0 0 0 0 0 0
40 256 0 0 0 0 0 0 0 0
44 768 0 0 0 0 0 0 0 0
48 384 0 0 384 1 0 0 0 0
49 256 1 1 256 1 0 0 0 0
51 256 0 0 128 1 0 0 0 0
52 256 0 0 0 0 0 0 0 0
56 256 0 0 128 1 0 0 0 0
59 768 0 0 128 0 0 256 0 0
101 1280 0 0 1024 0 0 0 0 0
fl=/build/eglibc-ripdx6/eglibc-2.19/wcsmbs/wctob.c
fn=wctob
32 896 1 1 0 0 0 640 0 0
41 256 1 1 0 0 0 0 0 0
46 256 0 0 0 0 0 0 0 0
47 128 0 0 0 0 0 0 0 0
84 896 0 0 768 0 0 0 0 0
fl=/build/eglibc-ripdx6/eglibc-2.19/wctype/wctype_l.c
fn=wctype_l
27 81 1 1 0 0 0 54 0 0
30 18 0 0 0 0 0 9 0 0
33 27 0 0 18 1 0 0 0 0
34 49 0 0 0 0 0 0 0 0
36 147 1 1 0 0 0 49 0 0
38 344 0 0 0 0 0 41 0 0
41 40 0 0 0 0 0 0 0 0
42 80 0 0 40 0 0 0 0 0
46 9 0 0 9 1 0 0 0 0
47 9 0 0 9 2 0 0 0 0
48 72 1 1 63 0 0 0 0 0
fl=/home/ms/Documents/S9/Parallel_Algorithms/lab/lab_1.cpp
fn=_GLOBAL__sub_I_main
91 7 0 0 2 0 0 2 0 0
fn=__static_initialization_and_destruction_0(int, int)
91 11 1 1 4 1 0 3 0 0
fn=fill_matrix(int (*) [100], int, int)
54 10 1 1 0 0 0 8 0 0
55 810 1 1 604 0 0 2 0 0
57 81000 0 0 60400 0 0 200 0 0
59 360000 0 0 100000 0 0 20000 1250 1249
62 4 0 0 4 0 0 0 0 0
fn=main
24 3 1 1 0 0 0 1 0 0
26 5 0 0 0 0 0 1 1 1
28 3 0 0 0 0 0 1 0 0
29 8 1 1 0 0 0 2 0 0
31 3 0 0 0 0 0 1 0 0
32 8 1 1 0 0 0 2 0 0
34 5 1 1 2 0 0 0 0 0
43 6 1 1 2 0 0 1 0 0
44 6 0 0 2 1 0 1 0 0
46 10 1 1 4 1 0 2 0 0
48 6 0 0 2 1 0 1 0 0
50 1 0 0 0 0 0 0 0 0
51 2 0 0 2 0 0 0 0 0
fn=matrix_multiplication(int (*) [100], int (*) [100], int (*) [100], int, int, int, int)
65 8 1 1 0 0 0 7 1 0
67 405 1 1 302 0 0 1 0 0
69 40500 0 0 30200 0 0 100 0 0
71 4050000 0 0 3020000 0 0 10000 0 0
73 58000000 3 3 15000000 63586 0 1000000 0 0
77 2 0 0 2 0 0 0 0 0
fn=print_matrix(int (*) [100], int, int)
80 6 1 1 0 0 0 4 0 0
81 6 0 0 0 0 0 2 0 0
82 405 1 1 302 0 0 1 0 0
84 40500 0 0 30200 0 0 100 0 0
86 200000 1 1 40000 625 0 20000 0 0
87 40000 0 0 20000 0 0 0 0 0
88 600 0 0 0 0 0 200 0 0
91 2 0 0 2 0 0 0 0 0
fl=/usr/include/c++/4.8/iostream
fn=__static_initialization_and_destruction_0(int, int)
74 6 1 0 0 0 0 2 0 0
fl=???
fn=???
0 1331837 170 149 217272 135 7 94343 14 11
fn=__atan2_finite
0 9 0 0 2 0 0 1 0 0
fn=__cpu_indicator_init
0 89 7 7 19 2 1 13 0 0
fn=__cxa_guard_acquire
0 26 3 3 10 1 0 6 0 0
fn=__cxa_guard_release
0 5 2 2 2 0 0 2 0 0
fn=__cxxabiv1::__si_class_type_info::__do_dyncast(long, __cxxabiv1::__class_type_info::__sub_kind, __cxxabiv1::__class_type_info const*, void const*, __cxxabiv1::__class_type_info const*, void const*, __cxxabiv1::__class_type_info::__dyncast_result&) const
0 1400 3 3 440 0 0 360 0 0
fn=__cxxabiv1::__vmi_class_type_info::__do_dyncast(long, __cxxabiv1::__class_type_info::__sub_kind, __cxxabiv1::__class_type_info const*, void const*, __cxxabiv1::__class_type_info const*, void const*, __cxxabiv1::__class_type_info::__dyncast_result&) const
0 464 5 5 176 2 1 128 0 0
fn=__dynamic_cast
0 2160 3 3 672 16 0 576 0 0
fn=__gnu_cxx::stdio_sync_filebuf<char, std::char_traits<char> >::overflow(int)
0 1206 1 1 201 0 0 0 0 0
fn=__gnu_cxx::stdio_sync_filebuf<char, std::char_traits<char> >::sync()
0 416 1 1 208 1 0 0 0 0
fn=__gnu_cxx::stdio_sync_filebuf<char, std::char_traits<char> >::uflow()
0 105 1 1 45 0 0 45 0 0
fn=__gnu_cxx::stdio_sync_filebuf<char, std::char_traits<char> >::underflow()
0 184 1 1 69 1 0 46 0 0
fn=__gnu_cxx::stdio_sync_filebuf<char, std::char_traits<char> >::xsputn(char const*, long)
0 100015 2 2 20003 2 0 0 0 0
fn=__gnu_cxx::stdio_sync_filebuf<wchar_t, std::char_traits<wchar_t> >::sync()
0 6 0 0 3 2 0 0 0 0
fn=__libc_csu_init
0 41 3 3 9 2 1 9 0 0
fn=__log_finite
0 9 1 1 2 0 0 1 0 0
fn=_dl_debug_initialize
0 7 0 0 6 0 0 0 0 0
fn=bool std::has_facet<std::ctype<char> >(std::locale const&)
0 84 2 2 36 1 0 12 0 0
fn=bool std::has_facet<std::ctype<wchar_t> >(std::locale const&)
0 84 2 2 36 0 0 12 0 0
fn=bool std::has_facet<std::num_get<char, std::istreambuf_iterator<char, std::char_traits<char> > > >(std::locale const&)
0 84 1 1 36 0 0 12 0 0
fn=bool std::has_facet<std::num_get<wchar_t, std::istreambuf_iterator<wchar_t, std::char_traits<wchar_t> > > >(std::locale const&)
0 84 1 1 36 0 0 12 0 0
fn=bool std::has_facet<std::num_put<char, std::ostreambuf_iterator<char, std::char_traits<char> > > >(std::locale const&)
0 84 2 2 36 1 0 12 0 0
fn=bool std::has_facet<std::num_put<wchar_t, std::ostreambuf_iterator<wchar_t, std::char_traits<wchar_t> > > >(std::locale const&)
0 84 2 2 36 0 0 12 0 0
fn=memcpy@GLIBC_2.2.5
0 12 0 0 4 0 0 0 0 0
fn=sin
0 9 1 1 2 0 0 1 0 0
fn=std::__timepunct<char>::_M_initialize_timepunct(__locale_struct*)
0 107 12 12 6 0 0 52 0 0
fn=std::__timepunct<char>::__timepunct(std::__timepunct_cache<char>*, unsigned long)
0 22 2 2 4 0 0 9 1 1
fn=std::__timepunct<wchar_t>::_M_initialize_timepunct(__locale_struct*)
0 105 13 13 5 0 0 51 0 0
fn=std::__timepunct<wchar_t>::__timepunct(std::__timepunct_cache<wchar_t>*, unsigned long)
0 22 2 2 4 0 0 9 0 0
fn=std::basic_ios<char, std::char_traits<char> >::_M_cache_locale(std::locale const&)
0 120 3 3 12 0 0 44 0 0
fn=std::basic_ios<char, std::char_traits<char> >::init(std::basic_streambuf<char, std::char_traits<char> >*)
0 88 3 3 12 0 0 40 0 0
fn=std::basic_ios<wchar_t, std::char_traits<wchar_t> >::_M_cache_locale(std::locale const&)
0 120 2 2 12 0 0 44 0 0
fn=std::basic_ios<wchar_t, std::char_traits<wchar_t> >::init(std::basic_streambuf<wchar_t, std::char_traits<wchar_t> >*)
0 88 2 2 12 0 0 40 0 0
fn=std::basic_ostream<char, std::char_traits<char> >& std::__ostream_insert<char, std::char_traits<char> >(std::basic_ostream<char, std::char_traits<char> >&, char const*, long)
0 510153 6 6 210063 4 0 110033 2 0
fn=std::basic_ostream<char, std::char_traits<char> >& std::endl<char, std::char_traits<char> >(std::basic_ostream<char, std::char_traits<char> >&)
0 4026 2 2 1408 1 0 605 0 0
fn=std::basic_ostream<char, std::char_traits<char> >& std::operator<< <std::char_traits<char> >(std::basic_ostream<char, std::char_traits<char> >&, char const*)
0 180054 2 2 30009 0 0 40012 0 0
fn=std::basic_ostream<wchar_t, std::char_traits<wchar_t> >::flush()
0 42 2 2 21 9 0 6 0 0
fn=std::codecvt<char, char, __mbstate_t>::codecvt(unsigned long)
0 17 2 2 4 0 0 6 2 2
fn=std::codecvt<wchar_t, char, __mbstate_t>::codecvt(unsigned long)
0 17 2 2 4 0 0 6 1 1
fn=std::ctype<char> const& std::use_facet<std::ctype<char> >(std::locale const&)
0 76 2 2 36 0 0 12 0 0
fn=std::ctype<char>::_M_widen_init() const
0 1056 3 2 9 1 0 263 0 0
fn=std::ctype<char>::ctype(unsigned short const*, bool, unsigned long)
0 161 8 8 8 2 0 83 9 9
fn=std::ctype<char>::do_widen(char const*, char const*, char*) const
0 8 2 2 2 0 0 2 0 0
fn=std::ctype<char>::do_widen(char) const
0 2 0 0 1 0 0 0 0 0
fn=std::ctype<wchar_t> const& std::use_facet<std::ctype<wchar_t> >(std::locale const&)
0 76 2 2 36 0 0 12 0 0
fn=std::ctype<wchar_t>::_M_convert_to_wmask(unsigned short) const
0 129 5 5 12 0 0 0 0 0
fn=std::ctype<wchar_t>::_M_initialize_ctype()
0 2757 4 4 5 0 0 810 20 20
fn=std::ctype<wchar_t>::ctype(unsigned long)
0 19 2 2 3 0 0 7 1 1
fn=std::error_category::error_category()
0 12 1 1 6 1 0 3 0 0
fn=std::error_category::~error_category()
0 12 1 1 6 0 0 3 0 0
fn=std::future_category()
0 21 3 3 2 1 1 6 0 0
fn=std::ios_base::Init::Init()
0 270 32 31 41 10 0 168 15 13
fn=std::ios_base::Init::~Init()
0 24 3 3 9 8 0 7 0 0
fn=std::ios_base::_M_init()
0 144 2 2 24 0 0 64 0 0
fn=std::ios_base::ios_base()
0 472 3 3 8 0 0 216 31 23
fn=std::istream::operator>>(int&)
0 172 5 5 48 2 0 32 1 1
fn=std::istream::sentry::sentry(std::istream&, bool)
0 318 7 7 122 7 2 52 0 0
fn=std::istreambuf_iterator<char, std::char_traits<char> > std::num_get<char, std::istreambuf_iterator<char, std::char_traits<char> > >::_M_extract_int<long>(std::istreambuf_iterator<char, std::char_traits<char> >, std::istreambuf_iterator<char, std::char_tr
0 1112 22 22 300 4 1 168 0 0
fn=std::locale::_Impl::_Impl(unsigned long)
0 819 66 66 132 17 1 406 43 43
fn=std::locale::_Impl::_M_install_facet(std::locale::id const*, std::locale::facet const*)
0 7448 7 7 2716 0 0 224 0 0
fn=std::locale::facet::_S_create_c_locale(__locale_struct*&, char const*, __locale_struct*)
0 9 1 1 2 0 0 3 0 0
fn=std::locale::facet::_S_get_c_locale()
0 92 1 1 50 0 0 11 0 0
fn=std::locale::facet::_S_get_c_name()
0 10 1 1 5 0 0 0 0 0
fn=std::locale::id::_M_id() const
0 50720 1 1 20232 8 4 56 0 0
fn=std::locale::locale()
0 462 4 4 176 0 0 132 0 0
fn=std::locale::operator=(std::locale const&)
0 136 3 3 56 0 0 24 0 0
fn=std::locale::~locale()
0 96 1 1 40 0 0 16 0 0
fn=std::messages<char>::messages(unsigned long)
0 19 2 2 4 0 0 8 1 1
fn=std::messages<wchar_t>::messages(unsigned long)
0 19 2 2 4 0 0 8 0 0
fn=std::moneypunct<char, false>::_M_initialize_moneypunct(__locale_struct*, char const*)
0 112 6 6 37 1 1 31 0 0
fn=std::moneypunct<char, true>::_M_initialize_moneypunct(__locale_struct*, char const*)
0 112 6 6 37 0 0 31 0 0
fn=std::moneypunct<wchar_t, false>::_M_initialize_moneypunct(__locale_struct*, char const*)
0 108 6 6 29 0 0 32 0 0
fn=std::moneypunct<wchar_t, true>::_M_initialize_moneypunct(__locale_struct*, char const*)
0 108 6 6 29 0 0 32 0 0
fn=std::num_get<char, std::istreambuf_iterator<char, std::char_traits<char> > > const& std::use_facet<std::num_get<char, std::istreambuf_iterator<char, std::char_traits<char> > > >(std::locale const&)
0 76 1 1 36 0 0 12 0 0
fn=std::num_get<char, std::istreambuf_iterator<char, std::char_traits<char> > >::do_get(std::istreambuf_iterator<char, std::char_traits<char> >, std::istreambuf_iterator<char, std::char_traits<char> >, std::ios_base&, std::_Ios_Iostate&, long&) const
0 32 1 1 12 0 0 12 0 0
fn=std::num_get<wchar_t, std::istreambuf_iterator<wchar_t, std::char_traits<wchar_t> > > const& std::use_facet<std::num_get<wchar_t, std::istreambuf_iterator<wchar_t, std::char_traits<wchar_t> > > >(std::locale const&)
0 76 1 1 36 0 0 12 0 0
fn=std::num_put<char, std::ostreambuf_iterator<char, std::char_traits<char> > > const& std::use_facet<std::num_put<char, std::ostreambuf_iterator<char, std::char_traits<char> > > >(std::locale const&)
0 76 2 2 36 0 0 12 0 0
fn=std::num_put<char, std::ostreambuf_iterator<char, std::char_traits<char> > >::do_put(std::ostreambuf_iterator<char, std::char_traits<char> >, std::ios_base&, char, long) const
0 50000 2 2 10000 0 0 10000 0 0
fn=std::num_put<wchar_t, std::ostreambuf_iterator<wchar_t, std::char_traits<wchar_t> > > const& std::use_facet<std::num_put<wchar_t, std::ostreambuf_iterator<wchar_t, std::char_traits<wchar_t> > > >(std::locale const&)
0 76 2 2 36 0 0 12 0 0
fn=std::numpunct<char>::_M_initialize_numpunct(__locale_struct*)
0 413 6 6 136 3 1 75 0 0
fn=std::numpunct<wchar_t>::_M_initialize_numpunct(__locale_struct*)
0 349 7 7 73 0 0 75 3 3
fn=std::ostream& std::ostream::_M_insert<long>(long)
0 510009 5 5 200004 2 0 80002 0 0
fn=std::ostream::flush()
0 2912 2 2 1456 5 0 416 0 0
fn=std::ostream::operator<<(int)
0 100000 2 2 30000 0 0 0 0 0
fn=std::ostream::operator<<(std::ostream& (*)(std::ostream&))
0 201 1 1 0 0 0 0 0 0
fn=std::ostream::put(char)
0 6834 4 4 2814 0 0 1005 0 0
fn=std::ostream::sentry::sentry(std::ostream&)
0 464692 2 2 161632 8 0 101020 0 0
fn=std::ostreambuf_iterator<char, std::char_traits<char> > std::num_put<char, std::ostreambuf_iterator<char, std::char_traits<char> > >::_M_insert_int<long>(std::ostreambuf_iterator<char, std::char_traits<char> >, std::ios_base&, char, long) const
0 987144 9 9 254286 4 0 198572 0 0
fn=std::string::_Rep::_M_dispose(std::allocator<char> const&)
0 12 1 1 8 0 0 0 0 0
summary: 71959178 1480 1433 20645560 73562 5313 2157738 3551 3037
